position,age_kyr_bp,variance,lag1_ac,ktau_variance,ktau_lag1_ac,segment_type,element,p_fold,p_hopf,p_transcritical,p_null,p_transition
73,13.266,476.6498507271596,0.002124246083740082,-0.009127332558217264,0.06466758938709488,neutral,Ba,0.076922186,0.12059601,0.36690187,0.43557993,0.5644201
74,13.242,490.6388707987443,-0.032052611349177584,-0.009127332558217264,0.06466758938709488,neutral,Ba,0.077249594,0.119847424,0.36581424,0.4370887,0.5629113
76,13.194,511.8345454891626,-0.07441764282875823,-0.009127332558217264,0.06466758938709488,neutral,Ba,0.07705026,0.11577643,0.36451373,0.4426596,0.5573404
78,13.146,507.8271092269323,-0.07848793418650951,-0.009127332558217264,0.06466758938709488,neutral,Ba,0.0786143,0.11347757,0.35900152,0.4489066,0.5510934
80,13.097,516.9251683975467,-0.07037801358270292,-0.009127332558217264,0.06466758938709488,neutral,Ba,0.07936208,0.11056397,0.35079646,0.4592775,0.5407225
82,13.049,518.3660463483214,-0.07570930904685248,-0.009127332558217264,0.06466758938709488,neutral,Ba,0.08088024,0.10944056,0.34397367,0.46570557,0.5342944
84,13.001,518.4530792520189,-0.12610715025346206,-0.009127332558217264,0.06466758938709488,neutral,Ba,0.08119456,0.10873557,0.33964425,0.47042558,0.5295744
86,12.953,531.9751227693855,-0.12192676804268947,-0.009127332558217264,0.06466758938709488,neutral,Ba,0.081228524,0.10539887,0.33783898,0.47553366,0.52446634
87,12.929,529.7253134945792,-0.13780558254398054,-0.009127332558217264,0.06466758938709488,neutral,Ba,0.08192798,0.10422339,0.3345128,0.47933578,0.5206642
89,12.881,499.53463624430725,-0.09002109181449824,-0.009127332558217264,0.06466758938709488,neutral,Ba,0.08293971,0.1028137,0.3301309,0.48411572,0.5158843
91,12.833,479.1532754501204,-0.07745967875606902,-0.009127332558217264,0.06466758938709488,neutral,Ba,0.083976105,0.10225895,0.32654515,0.48721978,0.5127802
93,12.785,496.370594502122,-0.06482860958797255,-0.009127332558217264,0.06466758938709488,neutral,Ba,0.084085315,0.10168906,0.32272246,0.49150315,0.5084969
95,12.737,466.91857195969766,-0.08134473643416168,-0.009127332558217264,0.06466758938709488,neutral,Ba,0.08504658,0.10114788,0.31694576,0.4968598,0.5031402
97,12.689,466.1688760143071,-0.07228975248733042,-0.009127332558217264,0.06466758938709488,neutral,Ba,0.08657803,0.10061899,0.312562,0.500241,0.49975902
99,12.641,473.23049419460676,0.0031136430229802715,-0.009127332558217264,0.06466758938709488,neutral,Ba,0.08727069,0.09776496,0.30621532,0.508749,0.491251
101,12.592,460.2707263585202,-0.011671698359209455,-0.009127332558217264,0.06466758938709488,neutral,Ba,0.088435926,0.096950874,0.3016073,0.51300585,0.48699415
102,12.568,476.6498507271596,0.002124246083740082,-0.009127332558217264,0.06466758938709488,neutral,Ba,0.087534346,0.09750746,0.30212533,0.5128329,0.48716712
104,12.52,498.5953553623415,-0.05390072137844077,-0.009127332558217264,0.06466758938709488,neutral,Ba,0.0873337,0.09467182,0.29915783,0.5188367,0.48116332
106,12.472,511.87431156754053,-0.06196943294748676,-0.009127332558217264,0.06466758938709488,neutral,Ba,0.08824962,0.09276826,0.2971226,0.5218595,0.47814047
108,12.424,514.9112203238408,-0.09422818299051199,-0.009127332558217264,0.06466758938709488,neutral,Ba,0.089139916,0.08872655,0.28863472,0.5334988,0.46650118
110,12.376,518.2131157598351,-0.0749303035029376,-0.009127332558217264,0.06466758938709488,neutral,Ba,0.09019533,0.08807012,0.28282475,0.53890985,0.46109015
112,12.328,546.731633822283,-0.08437728065344224,-0.009127332558217264,0.06466758938709488,neutral,Ba,0.090766855,0.08814263,0.2794474,0.54164314,0.45835686
114,12.28,525.5015243747484,-0.13843902347389392,-0.009127332558217264,0.06466758938709488,neutral,Ba,0.09101546,0.08415448,0.27485606,0.549974,0.45002598
116,12.232,529.7253134945792,-0.13780558254398054,-0.009127332558217264,0.06466758938709488,neutral,Ba,0.09170481,0.08291364,0.27091718,0.5544644,0.4455356
117,12.208,512.8221760819047,-0.11183899416938163,-0.009127332558217264,0.06466758938709488,neutral,Ba,0.09215375,0.08198417,0.2687264,0.55713564,0.44286436
119,12.159,490.1109095164445,-0.0702001998086953,-0.009127332558217264,0.06466758938709488,neutral,Ba,0.09328603,0.08121727,0.2647069,0.5607898,0.43921018
121,12.111,482.01051747551287,-0.08221174701918302,-0.009127332558217264,0.06466758938709488,neutral,Ba,0.093855105,0.08089724,0.26211604,0.5631316,0.43686843
123,12.063,472.9790738840736,-0.08299216256286152,-0.009127332558217264,0.06466758938709488,neutral,Ba,0.09390015,0.080127105,0.25770843,0.5682643,0.4317357
125,12.015,466.32328072998394,-0.07959843444967316,-0.009127332558217264,0.06466758938709488,neutral,Ba,0.09534471,0.07950414,0.25252974,0.57262146,0.42737854
127,11.967,477.2086931943309,-0.034181212426119024,-0.009127332558217264,0.06466758938709488,neutral,Ba,0.09598768,0.07759636,0.24752788,0.57888806,0.42111194
129,11.919,464.5311555623848,-0.013228398562421969,-0.009127332558217264,0.06466758938709488,neutral,Ba,0.0974076,0.0763023,0.24130249,0.58498764,0.41501236
131,11.871,476.6498507271596,0.002124246083740082,-0.009127332558217264,0.06466758938709488,neutral,Ba,0.09666803,0.076496884,0.2413801,0.585455,0.414545
132,11.847,490.6388707987443,-0.032052611349177584,-0.009127332558217264,0.06466758938709488,neutral,Ba,0.09699241,0.07591567,0.24037604,0.5867159,0.41328412
134,11.799,511.8345454891626,-0.07441764282875823,-0.009127332558217264,0.06466758938709488,neutral,Ba,0.09642618,0.07313762,0.23875211,0.5916841,0.4083159
136,11.751,507.8271092269323,-0.07848793418650951,-0.009127332558217264,0.06466758938709488,neutral,Ba,0.0978484,0.07124675,0.23378383,0.597121,0.402879
138,11.703,516.9251683975467,-0.07037801358270292,-0.009127332558217264,0.06466758938709488,neutral,Ba,0.09804975,0.06898523,0.2268821,0.6060829,0.39391708
140,11.654,518.3660463483214,-0.07570930904685248,-0.009127332558217264,0.06466758938709488,neutral,Ba,0.09936999,0.06791966,0.2212851,0.6114252,0.38857478
142,11.606,518.4530792520189,-0.12610715025346206,-0.009127332558217264,0.06466758938709488,neutral,Ba,0.09946553,0.067292206,0.21782054,0.61542183,0.38457817
144,11.558,531.9751227693855,-0.12192676804268947,-0.009127332558217264,0.06466758938709488,neutral,Ba,0.09915619,0.06499128,0.21588409,0.6199684,0.3800316
146,11.51,512.8221760819047,-0.11183899416938163,-0.009127332558217264,0.06466758938709488,neutral,Ba,0.10010175,0.06328144,0.21119456,0.62542224,0.37457776
73,13.266,444.27335372212127,-0.04886513099553339,-0.009127332558217264,0.06466758938709488,neutral,Ba,0.07336284,0.18393514,0.3561128,0.3865892,0.61341083
74,13.242,479.75352610385266,-0.05409551780005564,-0.009127332558217264,0.06466758938709488,neutral,Ba,0.07369945,0.17571203,0.35363516,0.39695334,0.60304666
76,13.194,504.26046019517133,-0.06397556448591854,-0.009127332558217264,0.06466758938709488,neutral,Ba,0.07339816,0.19266146,0.35046378,0.38347661,0.6165234
78,13.146,505.0301041559785,-0.07730048764715777,-0.009127332558217264,0.06466758938709488,neutral,Ba,0.074981414,0.1910284,0.34133482,0.39265537,0.6073446
80,13.097,493.22627301715977,-0.06810125232038235,-0.009127332558217264,0.06466758938709488,neutral,Ba,0.07588452,0.19126782,0.3374569,0.39539072,0.60460925
82,13.049,499.13140909873914,-0.09294348207861193,-0.009127332558217264,0.06466758938709488,neutral,Ba,0.076231584,0.18693292,0.33604425,0.40079123,0.5992088
84,13.001,533.103109111782,-0.10314048233257181,-0.009127332558217264,0.06466758938709488,neutral,Ba,0.07622239,0.18544032,0.33213297,0.40620437,0.59379566
86,12.953,538.6544377385592,-0.08586977956293784,-0.009127332558217264,0.06466758938709488,neutral,Ba,0.07692526,0.18560125,0.3275581,0.40991542,0.59008455
87,12.929,545.5718717500677,-0.09671119616726004,-0.009127332558217264,0.06466758938709488,neutral,Ba,0.077610545,0.18241714,0.32514465,0.41482773,0.5851723
89,12.881,514.2760960453652,-0.1456892988460597,-0.009127332558217264,0.06466758938709488,neutral,Ba,0.07886381,0.18068506,0.32005385,0.42039728,0.5796027
91,12.833,485.2451870424987,-0.07409623616667659,-0.009127332558217264,0.06466758938709488,neutral,Ba,0.079468824,0.18002318,0.31631866,0.4241893,0.5758107
93,12.785,483.9232525948556,-0.07511972263401606,-0.009127332558217264,0.06466758938709488,neutral,Ba,0.08021061,0.18158229,0.31157628,0.42663077,0.57336926
95,12.737,495.4774306915341,-0.08220649058064858,-0.009127332558217264,0.06466758938709488,neutral,Ba,0.080661096,0.17759049,0.30830353,0.4334449,0.56655514
97,12.689,490.95097075903027,-0.08053698225857035,-0.009127332558217264,0.06466758938709488,neutral,Ba,0.081410296,0.1771455,0.3047138,0.4367304,0.5632696
99,12.641,456.8051038429115,-0.056180262009142806,-0.009127332558217264,0.06466758938709488,neutral,Ba,0.08229929,0.17749296,0.30137447,0.43883324,0.56116676
101,12.592,449.8673679744285,-0.05073131671584261,-0.009127332558217264,0.06466758938709488,neutral,Ba,0.08315276,0.17996165,0.29673558,0.44014993,0.5598501
102,12.568,444.27335372212127,-0.04886513099553339,-0.009127332558217264,0.06466758938709488,neutral,Ba,0.08353033,0.18116896,0.2950567,0.440244,0.55975604
104,12.52,492.2424575280021,-0.018021983323084727,-0.009127332558217264,0.06466758938709488,neutral,Ba,0.08392905,0.17251772,0.29074404,0.45280913,0.5471909
106,12.472,506.2130313154351,-0.07787533073110967,-0.009127332558217264,0.06466758938709488,neutral,Ba,0.084259205,0.18601324,0.28648782,0.44323972,0.5567603
108,12.424,507.3499700805613,-0.07442699555046649,-0.009127332558217264,0.06466758938709488,neutral,Ba,0.085523635,0.18750739,0.2801615,0.4468075,0.5531925
110,12.376,498.14119869042287,-0.07588289456175736,-0.009127332558217264,0.06466758938709488,neutral,Ba,0.08615254,0.18629067,0.2767811,0.4507757,0.54922426
112,12.328,511.7071368861616,-0.07106331637006555,-0.009127332558217264,0.06466758938709488,neutral,Ba,0.08602034,0.18270268,0.2760492,0.4552278,0.5447722
114,12.28,534.1064532845044,-0.09079749154951426,-0.009127332558217264,0.06466758938709488,neutral,Ba,0.08660241,0.18221444,0.26999104,0.46119213,0.53880787
116,12.232,545.5718717500677,-0.09671119616726004,-0.009127332558217264,0.06466758938709488,neutral,Ba,0.0874539,0.17794229,0.2668602,0.46774358,0.5322564
117,12.208,544.9659257215476,-0.09150277795114477,-0.009127332558217264,0.06466758938709488,neutral,Ba,0.088144206,0.17814258,0.26393563,0.46977758,0.5302224
119,12.159,510.95538830026805,-0.09102675109909747,-0.009127332558217264,0.06466758938709488,neutral,Ba,0.08874298,0.1739878,0.26207888,0.47519028,0.5248097
121,12.111,483.5262269440305,-0.07403621954401404,-0.009127332558217264,0.06466758938709488,neutral,Ba,0.08959039,0.17532338,0.25657344,0.4785128,0.52148724
123,12.063,495.5160710440337,-0.08121057880585393,-0.009127332558217264,0.06466758938709488,neutral,Ba,0.08973606,0.1726908,0.25440833,0.48316488,0.5168351
125,12.015,498.94900505866616,-0.06294948992703316,-0.009127332558217264,0.06466758938709488,neutral,Ba,0.09062177,0.17115657,0.25016662,0.48805505,0.51194495
127,11.967,480.6345222124245,-0.04410304433779283,-0.009127332558217264,0.06466758938709488,neutral,Ba,0.091413155,0.17115481,0.2477445,0.48968753,0.51031244
129,11.919,456.4676016014256,-0.06380217838531826,-0.009127332558217264,0.06466758938709488,neutral,Ba,0.09243635,0.17247161,0.24373466,0.49135736,0.5086427
131,11.871,444.27335372212127,-0.04886513099553339,-0.009127332558217264,0.06466758938709488,neutral,Ba,0.09330997,0.17494613,0.2397995,0.49194437,0.5080556
132,11.847,479.75352610385266,-0.05409551780005564,-0.009127332558217264,0.06466758938709488,neutral,Ba,0.093337625,0.16726314,0.23735026,0.50204897,0.49795103
134,11.799,504.26046019517133,-0.06397556448591854,-0.009127332558217264,0.06466758938709488,neutral,Ba,0.0931275,0.18356824,0.23591702,0.48738718,0.5126128
136,11.751,505.0301041559785,-0.07730048764715777,-0.009127332558217264,0.06466758938709488,neutral,Ba,0.094373494,0.18217438,0.22809654,0.49535558,0.5046444
138,11.703,493.22627301715977,-0.06810125232038235,-0.009127332558217264,0.06466758938709488,neutral,Ba,0.09525885,0.18236811,0.22486103,0.497512,0.502488
140,11.654,499.13140909873914,-0.09294348207861193,-0.009127332558217264,0.06466758938709488,neutral,Ba,0.09542069,0.17834161,0.22333448,0.5029033,0.49709672
142,11.606,533.103109111782,-0.10314048233257181,-0.009127332558217264,0.06466758938709488,neutral,Ba,0.095114194,0.17632791,0.22000514,0.50855273,0.49144727
144,11.558,538.6544377385592,-0.08586977956293784,-0.009127332558217264,0.06466758938709488,neutral,Ba,0.095650345,0.17651069,0.21622935,0.5116096,0.4883904
146,11.51,544.9659257215476,-0.09150277795114477,-0.009127332558217264,0.06466758938709488,neutral,Ba,0.096772686,0.17413685,0.21127167,0.5178188,0.4821812
73,13.266,484.1803235110979,-0.019376892669832422,-0.009127332558217264,0.06466758938709488,neutral,Ba,0.07673529,0.12217118,0.33822012,0.46287337,0.53712666
74,13.242,483.5872994989667,-0.04766550415228145,-0.009127332558217264,0.06466758938709488,neutral,Ba,0.0764023,0.12244512,0.33841887,0.46273366,0.5372664
76,13.194,485.58590892975764,-0.04557005634404271,-0.009127332558217264,0.06466758938709488,neutral,Ba,0.07735363,0.12136251,0.3321017,0.4691822,0.5308178
78,13.146,486.9880512003647,-0.09907266831516667,-0.009127332558217264,0.06466758938709488,neutral,Ba,0.07789288,0.119048536,0.32818976,0.47486886,0.5251311
80,13.097,485.7526139353009,-0.09852099213733935,-0.009127332558217264,0.06466758938709488,neutral,Ba,0.07906341,0.11593545,0.32078308,0.4842181,0.5157819
82,13.049,508.7390898395198,-0.11540750595043549,-0.009127332558217264,0.06466758938709488,neutral,Ba,0.07930843,0.1136809,0.31846848,0.48854223,0.5114578
84,13.001,506.06787449622414,-0.07318084294613171,-0.009127332558217264,0.06466758938709488,neutral,Ba,0.079990976,0.11307107,0.31210467,0.49483317,0.5051668
86,12.953,491.74614231001266,-0.09769361385907523,-0.009127332558217264,0.06466758938709488,neutral,Ba,0.081139855,0.11038618,0.3056672,0.50280684,0.49719316
87,12.929,507.10012896947046,-0.09971210809987013,-0.009127332558217264,0.06466758938709488,neutral,Ba,0.080816396,0.10963829,0.3035597,0.5059857,0.49401432
89,12.881,509.9209537249126,-0.10298847162545506,-0.009127332558217264,0.06466758938709488,neutral,Ba,0.08144226,0.10796977,0.3022068,0.5083811,0.49161887
91,12.833,504.51141363570997,-0.08202612785910333,-0.009127332558217264,0.06466758938709488,neutral,Ba,0.08261784,0.10451906,0.2939256,0.5189374,0.4810626
93,12.785,501.3923858590438,-0.060793262055946234,-0.009127332558217264,0.06466758938709488,neutral,Ba,0.08325501,0.10340108,0.28817505,0.52516884,0.47483116
95,12.737,503.4243274777399,-0.057954809219687084,-0.009127332558217264,0.06466758938709488,neutral,Ba,0.08442316,0.10108851,0.28096882,0.5335195,0.4664805
97,12.689,481.62516026009587,-0.06848026105210081,-0.009127332558217264,0.06466758938709488,neutral,Ba,0.08542119,0.099416174,0.27615207,0.5390105,0.46098948
99,12.641,492.75135033601157,-0.07617294429773842,-0.009127332558217264,0.06466758938709488,neutral,Ba,0.0853421,0.09991436,0.27443036,0.5403131,0.45968688
101,12.592,499.1601125260955,-0.04828967355829978,-0.009127332558217264,0.06466758938709488,neutral,Ba,0.085575245,0.09896359,0.26966417,0.545797,0.454203
102,12.568,484.1803235110979,-0.019376892669832422,-0.009127332558217264,0.06466758938709488,neutral,Ba,0.08600352,0.09856011,0.26660106,0.54883534,0.45116466
104,12.52,479.8219214655995,-0.04556677908196689,-0.009127332558217264,0.06466758938709488,neutral,Ba,0.08630642,0.09704451,0.26198843,0.5546607,0.44533932
106,12.472,511.63529273814754,-0.07430550821940968,-0.009127332558217264,0.06466758938709488,neutral,Ba,0.08621885,0.09774346,0.26179078,0.5542469,0.4457531
108,12.424,484.19768252108184,-0.09872618948974345,-0.009127332558217264,0.06466758938709488,neutral,Ba,0.087423384,0.09398953,0.25252092,0.56606615,0.43393385
110,12.376,484.7177530726159,-0.11175816046136947,-0.009127332558217264,0.06466758938709488,neutral,Ba,0.088160224,0.091454044,0.24823008,0.5721557,0.4278443
112,12.328,514.5584986057839,-0.08597244515892033,-0.009127332558217264,0.06466758938709488,neutral,Ba,0.087976344,0.09101163,0.24659596,0.57441604,0.42558396
114,12.28,497.71631410898704,-0.09066284777206174,-0.009127332558217264,0.06466758938709488,neutral,Ba,0.08884344,0.08875093,0.239731,0.5826746,0.41732538
116,12.232,507.10012896947046,-0.09971210809987013,-0.009127332558217264,0.06466758938709488,neutral,Ba,0.08895245,0.086876854,0.23498599,0.58918476,0.41081524
117,12.208,520.3832250037902,-0.11875254564939586,-0.009127332558217264,0.06466758938709488,neutral,Ba,0.08897322,0.08570342,0.23594245,0.5893809,0.41061908
119,12.159,509.9994135273191,-0.10387693856482222,-0.009127332558217264,0.06466758938709488,neutral,Ba,0.08992795,0.083900385,0.22968647,0.59648526,0.40351474
121,12.111,499.71340901873725,-0.0755815815855494,-0.009127332558217264,0.06466758938709488,neutral,Ba,0.09040398,0.08197818,0.22421098,0.60340685,0.39659315
123,12.063,501.55840518218105,-0.06160400611085497,-0.009127332558217264,0.06466758938709488,neutral,Ba,0.09145577,0.07991281,0.21723405,0.61139745,0.38860255
125,12.015,515.7049995494613,-0.03265036728548395,-0.009127332558217264,0.06466758938709488,neutral,Ba,0.09217395,0.07899913,0.21504948,0.6137774,0.3862226
127,11.967,484.5080527234869,-0.05986101947320816,-0.009127332558217264,0.06466758938709488,neutral,Ba,0.09273475,0.078475386,0.20980358,0.6189863,0.3810137
129,11.919,498.736350271443,-0.058764481066083965,-0.009127332558217264,0.06466758938709488,neutral,Ba,0.09245009,0.07827767,0.20799313,0.62127906,0.37872094
131,11.871,484.1803235110979,-0.019376892669832422,-0.009127332558217264,0.06466758938709488,neutral,Ba,0.092865855,0.07714315,0.20251228,0.62747866,0.37252134
132,11.847,483.5872994989667,-0.04766550415228145,-0.009127332558217264,0.06466758938709488,neutral,Ba,0.09249202,0.07730043,0.20269193,0.6275156,0.3724844
134,11.799,485.58590892975764,-0.04557005634404271,-0.009127332558217264,0.06466758938709488,neutral,Ba,0.09309247,0.076437324,0.19775937,0.63271075,0.36728925
136,11.751,486.9880512003647,-0.09907266831516667,-0.009127332558217264,0.06466758938709488,neutral,Ba,0.0932535,0.07487579,0.19444753,0.6374232,0.36257678
138,11.703,485.7526139353009,-0.09852099213733935,-0.009127332558217264,0.06466758938709488,neutral,Ba,0.09387512,0.07267587,0.18851241,0.64493656,0.35506344
140,11.654,508.7390898395198,-0.11540750595043549,-0.009127332558217264,0.06466758938709488,neutral,Ba,0.09381172,0.0711869,0.18648183,0.6485196,0.35148042
142,11.606,506.06787449622414,-0.07318084294613171,-0.009127332558217264,0.06466758938709488,neutral,Ba,0.09412237,0.070598744,0.18179657,0.6534824,0.34651762
144,11.558,491.74614231001266,-0.09769361385907523,-0.009127332558217264,0.06466758938709488,neutral,Ba,0.094775,0.06871906,0.17679027,0.6597157,0.3402843
146,11.51,520.3832250037902,-0.11875254564939586,-0.009127332558217264,0.06466758938709488,neutral,Ba,0.09419775,0.067305125,0.17587529,0.6626218,0.3373782
73,13.266,510.07118509779343,-0.024122002260872653,-0.009127332558217264,0.06466758938709488,neutral,Ba,0.07316805,0.1397176,0.36085457,0.42625976,0.57374024
74,13.242,499.2927717445339,-0.034919185490184725,-0.009127332558217264,0.06466758938709488,neutral,Ba,0.073810436,0.13861036,0.35646066,0.43111855,0.56888145
76,13.194,534.9641327124683,-0.04225479655844709,-0.009127332558217264,0.06466758938709488,neutral,Ba,0.07480886,0.13836122,0.35345083,0.43337908,0.56662095
78,13.146,525.9369870917187,-0.06214940560867363,-0.009127332558217264,0.06466758938709488,neutral,Ba,0.0766422,0.13520284,0.34341595,0.44473898,0.555261
80,13.097,511.43954071106134,-0.06754042729892536,-0.009127332558217264,0.06466758938709488,neutral,Ba,0.07778825,0.13265194,0.3373576,0.4522021,0.5477979
82,13.049,504.1052245795288,-0.070652098099969,-0.009127332558217264,0.06466758938709488,neutral,Ba,0.07867488,0.1327114,0.33181942,0.4567943,0.54320574
84,13.001,514.376968436301,-0.08306890877638728,-0.009127332558217264,0.06466758938709488,neutral,Ba,0.07903594,0.13146624,0.32977518,0.45972267,0.54027736
86,12.953,517.287298156498,-0.047058657725768074,-0.009127332558217264,0.06466758938709488,neutral,Ba,0.07959728,0.12927361,0.32357994,0.46754915,0.53245085
87,12.929,504.46322558318417,-0.08154305882422024,-0.009127332558217264,0.06466758938709488,neutral,Ba,0.08013168,0.1289986,0.3203014,0.47056827,0.5294317
89,12.881,490.0325759586833,-0.07247434381995692,-0.009127332558217264,0.06466758938709488,neutral,Ba,0.080975376,0.1282044,0.3149475,0.47587276,0.52412724
91,12.833,459.0646831858546,-0.05631530629211096,-0.009127332558217264,0.06466758938709488,neutral,Ba,0.08170995,0.1281614,0.3106261,0.4795026,0.52049744
93,12.785,480.18127303316095,-0.046971900022749306,-0.009127332558217264,0.06466758938709488,neutral,Ba,0.08186012,0.1271683,0.30792597,0.48304564,0.51695436
95,12.737,484.6927180061373,-0.04380198088510997,-0.009127332558217264,0.06466758938709488,neutral,Ba,0.08229086,0.12638904,0.30443406,0.48688602,0.513114
97,12.689,485.09886891695373,-0.039378799440019034,-0.009127332558217264,0.06466758938709488,neutral,Ba,0.08353727,0.1256581,0.29699597,0.49380866,0.5061914
99,12.641,490.4004857428267,-0.02222204533737789,-0.009127332558217264,0.06466758938709488,neutral,Ba,0.08381782,0.12485142,0.29486695,0.4964637,0.50353634
101,12.592,485.0481131990287,-0.06733550971649852,-0.009127332558217264,0.06466758938709488,neutral,Ba,0.08378362,0.1213012,0.2930478,0.5018674,0.4981326
102,12.568,510.07118509779343,-0.024122002260872653,-0.009127332558217264,0.06466758938709488,neutral,Ba,0.08306261,0.122223556,0.2938261,0.5008877,0.4991123
104,12.52,499.2161855038431,-0.03757780763854355,-0.009127332558217264,0.06466758938709488,neutral,Ba,0.08413139,0.12021562,0.285829,0.509824,0.49017602
106,12.472,531.7641679285381,-0.04191716924580655,-0.009127332558217264,0.06466758938709488,neutral,Ba,0.08550933,0.11869931,0.2825644,0.513227,0.486773
108,12.424,514.1962261505561,-0.07571711325745546,-0.009127332558217264,0.06466758938709488,neutral,Ba,0.08666081,0.1158825,0.27558267,0.52187407,0.47812593
110,12.376,504.7641527928545,-0.07274900545348031,-0.009127332558217264,0.06466758938709488,neutral,Ba,0.08770585,0.115089156,0.26941565,0.52778935,0.47221065
112,12.328,513.2499737651607,-0.06642931063686106,-0.009127332558217264,0.06466758938709488,neutral,Ba,0.088171504,0.11426544,0.266755,0.53080803,0.46919197
114,12.28,499.6689298780077,-0.06515362067270898,-0.009127332558217264,0.06466758938709488,neutral,Ba,0.0892726,0.11361805,0.26178408,0.5353253,0.4646747
116,12.232,504.46322558318417,-0.08154305882422024,-0.009127332558217264,0.06466758938709488,neutral,Ba,0.08943917,0.1111986,0.25632644,0.5430358,0.4569642
117,12.208,491.7684889813623,-0.0716355667685495,-0.009127332558217264,0.06466758938709488,neutral,Ba,0.089506075,0.11106297,0.25528625,0.54414463,0.45585537
119,12.159,489.37411702801506,-0.0644035427887548,-0.009127332558217264,0.06466758938709488,neutral,Ba,0.09076844,0.11006838,0.24812847,0.5510347,0.4489653
121,12.111,463.9073961565197,-0.06672420690555964,-0.009127332558217264,0.06466758938709488,neutral,Ba,0.09105978,0.109122075,0.24645722,0.55336094,0.44663906
123,12.063,474.94351441350653,-0.03556632135535206,-0.009127332558217264,0.06466758938709488,neutral,Ba,0.09115692,0.10862725,0.24349707,0.55671877,0.44328123
125,12.015,484.9515065621602,-0.03670866648088748,-0.009127332558217264,0.06466758938709488,neutral,Ba,0.09187347,0.10769591,0.23889084,0.56153977,0.43846023
127,11.967,477.60164334966754,-0.031217939685379722,-0.009127332558217264,0.06466758938709488,neutral,Ba,0.09285001,0.107085966,0.23367943,0.56638455,0.43361545
129,11.919,496.46264763984504,-0.04169586337567388,-0.009127332558217264,0.06466758938709488,neutral,Ba,0.0928914,0.10552988,0.23167208,0.56990665,0.43009335
131,11.871,510.07118509779343,-0.024122002260872653,-0.009127332558217264,0.06466758938709488,neutral,Ba,0.091649756,0.10402523,0.23251046,0.5718146,0.4281854
132,11.847,499.2927717445339,-0.034919185490184725,-0.009127332558217264,0.06466758938709488,neutral,Ba,0.09213485,0.10298934,0.22883737,0.5760384,0.42396158
134,11.799,534.9641327124683,-0.04225479655844709,-0.009127332558217264,0.06466758938709488,neutral,Ba,0.09315707,0.10256025,0.22650348,0.57777923,0.42222077
136,11.751,525.9369870917187,-0.06214940560867363,-0.009127332558217264,0.06466758938709488,neutral,Ba,0.0946185,0.09988579,0.2180641,0.58743155,0.41256845
138,11.703,511.43954071106134,-0.06754042729892536,-0.009127332558217264,0.06466758938709488,neutral,Ba,0.09542066,0.09800377,0.21282469,0.5937509,0.4062491
140,11.654,504.1052245795288,-0.070652098099969,-0.009127332558217264,0.06466758938709488,neutral,Ba,0.09608267,0.09809904,0.20843138,0.59738696,0.40261304
142,11.606,514.376968436301,-0.08306890877638728,-0.009127332558217264,0.06466758938709488,neutral,Ba,0.09630517,0.097068265,0.20669034,0.5999362,0.4000638
144,11.558,517.287298156498,-0.047058657725768074,-0.009127332558217264,0.06466758938709488,neutral,Ba,0.09640348,0.09519962,0.20161091,0.60678595,0.39321405
146,11.51,491.7684889813623,-0.0716355667685495,-0.009127332558217264,0.06466758938709488,neutral,Ba,0.09680507,0.09489272,0.1981286,0.6101736,0.38982642
73,13.266,486.81020706190316,-0.003588224674536751,-0.009127332558217264,0.06466758938709488,neutral,Ba,0.07803156,0.12340501,0.35316846,0.44539496,0.554605
74,13.242,484.602814115267,-0.00445537109959539,-0.009127332558217264,0.06466758938709488,neutral,Ba,0.07886235,0.122084476,0.34814987,0.45090327,0.5490967
76,13.194,491.16258026642095,0.0032905733403855767,-0.009127332558217264,0.06466758938709488,neutral,Ba,0.07983949,0.122286014,0.34137052,0.45650402,0.543496
78,13.146,521.9613623816216,0.0028460063759839067,-0.009127332558217264,0.06466758938709488,neutral,Ba,0.080828965,0.12001388,0.33633897,0.4628182,0.5371818
80,13.097,487.34977613211936,-0.005511204924569183,-0.009127332558217264,0.06466758938709488,neutral,Ba,0.08226066,0.11893414,0.32850295,0.47030225,0.5296978
82,13.049,497.6203455921649,-0.03336778844452186,-0.009127332558217264,0.06466758938709488,neutral,Ba,0.08265744,0.1151021,0.32726905,0.47497135,0.52502865
84,13.001,515.3595218568911,-0.02729261613891354,-0.009127332558217264,0.06466758938709488,neutral,Ba,0.08254409,0.112786286,0.32604325,0.47862634,0.5213736
86,12.953,535.8074691993668,-0.018220501376587327,-0.009127332558217264,0.06466758938709488,neutral,Ba,0.08337867,0.11106936,0.31929582,0.48625615,0.5137439
87,12.929,529.8336036862972,-0.03928167788344645,-0.009127332558217264,0.06466758938709488,neutral,Ba,0.08410928,0.110401645,0.3155965,0.48989263,0.5101074
89,12.881,505.53745204509664,-0.04054417584775482,-0.009127332558217264,0.06466758938709488,neutral,Ba,0.08539697,0.10979016,0.307715,0.49709788,0.50290215
91,12.833,498.5831196753451,-0.07116640424768202,-0.009127332558217264,0.06466758938709488,neutral,Ba,0.08635644,0.10934266,0.30298585,0.50131506,0.49868494
93,12.785,502.8344572040852,-0.04694452974067567,-0.009127332558217264,0.06466758938709488,neutral,Ba,0.08649533,0.10650805,0.300068,0.50692856,0.49307144
95,12.737,503.7114036964461,-0.035302415211274335,-0.009127332558217264,0.06466758938709488,neutral,Ba,0.08769975,0.10632099,0.29325148,0.51272774,0.48727226
97,12.689,494.28175489297547,0.0010683033052061453,-0.009127332558217264,0.06466758938709488,neutral,Ba,0.08762302,0.10506152,0.2901806,0.51713485,0.48286515
99,12.641,475.74285608950726,-0.029651405532271555,-0.009127332558217264,0.06466758938709488,neutral,Ba,0.08868641,0.1043045,0.28514937,0.5218597,0.4781403
101,12.592,460.0003067925081,-0.03438679835632535,-0.009127332558217264,0.06466758938709488,neutral,Ba,0.089176156,0.10303486,0.28263375,0.5251552,0.4748448
102,12.568,486.81020706190316,-0.003588224674536751,-0.009127332558217264,0.06466758938709488,neutral,Ba,0.08931236,0.101557635,0.28269324,0.52643675,0.47356325
104,12.52,486.7951088446394,-0.004985627986488644,-0.009127332558217264,0.06466758938709488,neutral,Ba,0.0904168,0.10052859,0.27430823,0.53474635,0.46525365
106,12.472,507.19901113124405,0.023128279838257822,-0.009127332558217264,0.06466758938709488,neutral,Ba,0.09163689,0.09854066,0.27024496,0.53957754,0.46042246
108,12.424,487.331830305247,-0.0072093547124490705,-0.009127332558217264,0.06466758938709488,neutral,Ba,0.0926559,0.09705944,0.26301047,0.5472742,0.45272583
110,12.376,500.58215348937887,-0.004069979275867868,-0.009127332558217264,0.06466758938709488,neutral,Ba,0.09341418,0.09494456,0.25955164,0.5520896,0.44791043
112,12.328,503.54000535280363,-0.047941577383313554,-0.009127332558217264,0.06466758938709488,neutral,Ba,0.09343269,0.0912342,0.25757313,0.55776,0.44224
114,12.28,512.28185354211,-0.01848975498387105,-0.009127332558217264,0.06466758938709488,neutral,Ba,0.093539156,0.090552025,0.2545027,0.56140614,0.43859386
116,12.232,529.8336036862972,-0.03928167788344645,-0.009127332558217264,0.06466758938709488,neutral,Ba,0.0944993,0.08915651,0.2480243,0.5683199,0.43168008
117,12.208,505.46635080892196,-0.04132343646117752,-0.009127332558217264,0.06466758938709488,neutral,Ba,0.094884805,0.089016646,0.24483053,0.571268,0.42873198
119,12.159,504.2225044021482,-0.047764399302695715,-0.009127332558217264,0.06466758938709488,neutral,Ba,0.09608439,0.08798909,0.23911677,0.57680976,0.42319024
121,12.111,481.41183150907364,-0.04100358167470504,-0.009127332558217264,0.06466758938709488,neutral,Ba,0.09699635,0.087529264,0.2351045,0.5803699,0.4196301
123,12.063,503.11562529317376,-0.03836055473865493,-0.009127332558217264,0.06466758938709488,neutral,Ba,0.09707747,0.085007556,0.23100059,0.5869144,0.41308558
125,12.015,498.0065677542498,-0.022920222351058343,-0.009127332558217264,0.06466758938709488,neutral,Ba,0.097319655,0.08383741,0.22703607,0.5918069,0.4081931
127,11.967,484.85461415639617,-0.023200810888290412,-0.009127332558217264,0.06466758938709488,neutral,Ba,0.09791695,0.083441556,0.22244468,0.5961969,0.4038031
129,11.919,475.842966960076,-0.025505607858296232,-0.009127332558217264,0.06466758938709488,neutral,Ba,0.098583035,0.08282459,0.21927853,0.59931386,0.40068614
131,11.871,486.81020706190316,-0.003588224674536751,-0.009127332558217264,0.06466758938709488,neutral,Ba,0.098837666,0.08078278,0.21880363,0.6015759,0.3984241
132,11.847,484.602814115267,-0.00445537109959539,-0.009127332558217264,0.06466758938709488,neutral,Ba,0.0993905,0.079481535,0.21451728,0.60661066,0.39338934
134,11.799,491.16258026642095,0.0032905733403855767,-0.009127332558217264,0.06466758938709488,neutral,Ba,0.1001541,0.07920492,0.2094581,0.6111829,0.38881707
136,11.751,521.9613623816216,0.0028460063759839067,-0.009127332558217264,0.06466758938709488,neutral,Ba,0.10093034,0.077388264,0.20547311,0.6162083,0.3837917
138,11.703,487.34977613211936,-0.005511204924569183,-0.009127332558217264,0.06466758938709488,neutral,Ba,0.101992466,0.0761167,0.19928257,0.6226083,0.3773917
140,11.654,497.6203455921649,-0.03336778844452186,-0.009127332558217264,0.06466758938709488,neutral,Ba,0.10217432,0.07359411,0.19794592,0.6262856,0.3737144
142,11.606,515.3595218568911,-0.02729261613891354,-0.009127332558217264,0.06466758938709488,neutral,Ba,0.101788014,0.072037175,0.19673476,0.6294401,0.37055987
144,11.558,535.8074691993668,-0.018220501376587327,-0.009127332558217264,0.06466758938709488,neutral,Ba,0.102133416,0.070768036,0.19140594,0.6356926,0.3643074
146,11.51,505.46635080892196,-0.04132343646117752,-0.009127332558217264,0.06466758938709488,neutral,Ba,0.1029275,0.07033948,0.18585795,0.6408751,0.3591249
73,13.266,480.11996144366157,-0.12276682772045076,-0.009127332558217264,0.06466758938709488,neutral,Ba,0.07685169,0.12203928,0.3602665,0.44084257,0.55915743
74,13.242,467.59368504772715,-0.10569936896953841,-0.009127332558217264,0.06466758938709488,neutral,Ba,0.077867955,0.12074454,0.35551146,0.44587603,0.554124
76,13.194,474.9483487232246,-0.10598934260006124,-0.009127332558217264,0.06466758938709488,neutral,Ba,0.07847926,0.1193161,0.35251406,0.44969052,0.5503095
78,13.146,479.02750361710576,-0.11053058838377018,-0.009127332558217264,0.06466758938709488,neutral,Ba,0.079254255,0.11666382,0.34730616,0.45677584,0.54322416
80,13.097,486.610426922111,-0.12650733643049777,-0.009127332558217264,0.06466758938709488,neutral,Ba,0.079631165,0.113787375,0.34441218,0.46216926,0.5378307
82,13.049,476.8863499249715,-0.1191887853345272,-0.009127332558217264,0.06466758938709488,neutral,Ba,0.08102636,0.11200939,0.33912498,0.46783933,0.53216064
84,13.001,480.4700439684709,-0.09807334143769254,-0.009127332558217264,0.06466758938709488,neutral,Ba,0.081134304,0.10948876,0.33639944,0.47297752,0.5270225
86,12.953,514.3847648821842,-0.07009963955593138,-0.009127332558217264,0.06466758938709488,neutral,Ba,0.08096125,0.10665011,0.3368196,0.4755691,0.5244309
87,12.929,513.672807219513,-0.09718013115343319,-0.009127332558217264,0.06466758938709488,neutral,Ba,0.08119271,0.10901684,0.33631042,0.47348005,0.52651995
89,12.881,528.5277760160513,-0.08315334703969567,-0.009127332558217264,0.06466758938709488,neutral,Ba,0.08231909,0.10974735,0.32863146,0.47930208,0.52069795
91,12.833,516.2329349740908,-0.08156989463116576,-0.009127332558217264,0.06466758938709488,neutral,Ba,0.08357072,0.10890174,0.32329983,0.48422772,0.5157723
93,12.785,508.72067802763377,-0.07460949042247524,-0.009127332558217264,0.06466758938709488,neutral,Ba,0.08447071,0.10711841,0.3171575,0.49125335,0.5087466
95,12.737,501.4341925711712,-0.06634166292332196,-0.009127332558217264,0.06466758938709488,neutral,Ba,0.08539569,0.106384866,0.31345385,0.49476558,0.5052344
97,12.689,510.8106411093704,-0.08395135428171865,-0.009127332558217264,0.06466758938709488,neutral,Ba,0.08593588,0.10588879,0.30920812,0.49896723,0.50103277
99,12.641,509.57118012513223,-0.09543800339556965,-0.009127332558217264,0.06466758938709488,neutral,Ba,0.086338796,0.104461685,0.3037283,0.5054712,0.49452877
101,12.592,490.80683259062397,-0.07617940191764642,-0.009127332558217264,0.06466758938709488,neutral,Ba,0.08726455,0.10255018,0.29662424,0.51356107,0.48643893
102,12.568,480.11996144366157,-0.12276682772045076,-0.009127332558217264,0.06466758938709488,neutral,Ba,0.087464236,0.10070269,0.2949625,0.5168705,0.4831295
104,12.52,461.2995551192164,-0.10855845851828612,-0.009127332558217264,0.06466758938709488,neutral,Ba,0.08928594,0.09846542,0.2874199,0.5248288,0.4751712
106,12.472,473.3267107227825,-0.10490278270624023,-0.009127332558217264,0.06466758938709488,neutral,Ba,0.0896884,0.09718716,0.28428748,0.5288369,0.4711631
108,12.424,481.16460523889896,-0.11824021673794,-0.009127332558217264,0.06466758938709488,neutral,Ba,0.090068445,0.09449142,0.28075963,0.5346805,0.4653195
110,12.376,486.26460490149725,-0.12448898907234292,-0.009127332558217264,0.06466758938709488,neutral,Ba,0.090545624,0.09204669,0.27678916,0.54061854,0.45938146
112,12.328,501.0830555782798,-0.12047658265006882,-0.009127332558217264,0.06466758938709488,neutral,Ba,0.09101612,0.0896424,0.2727646,0.54657686,0.45342314
114,12.28,481.48649416004383,-0.09291713665822043,-0.009127332558217264,0.06466758938709488,neutral,Ba,0.091639414,0.08839116,0.2699407,0.5500287,0.44997132
116,12.232,513.672807219513,-0.09718013115343319,-0.009127332558217264,0.06466758938709488,neutral,Ba,0.091215834,0.08875846,0.27180183,0.54822385,0.45177615
117,12.208,522.4704637698054,-0.06750892672454027,-0.009127332558217264,0.06466758938709488,neutral,Ba,0.092460945,0.09044128,0.26928118,0.5478166,0.45218343
119,12.159,528.6113712257232,-0.08308400662569153,-0.009127332558217264,0.06466758938709488,neutral,Ba,0.09302683,0.088313706,0.26091474,0.55774474,0.44225526
121,12.111,518.0906241552582,-0.08366556825211965,-0.009127332558217264,0.06466758938709488,neutral,Ba,0.09370131,0.08748753,0.25705868,0.56175244,0.43824756
123,12.063,507.55126861216536,-0.06868905074188816,-0.009127332558217264,0.06466758938709488,neutral,Ba,0.09464066,0.08622392,0.2527041,0.5664313,0.43356872
125,12.015,509.61408789717177,-0.07167392064764921,-0.009127332558217264,0.06466758938709488,neutral,Ba,0.095002145,0.08594886,0.24923389,0.5698151,0.4301849
127,11.967,515.2974259471978,-0.09449611815418009,-0.009127332558217264,0.06466758938709488,neutral,Ba,0.09497994,0.08507183,0.24689597,0.5730522,0.42694777
129,11.919,509.2212629358407,-0.11237569581619253,-0.009127332558217264,0.06466758938709488,neutral,Ba,0.096157916,0.08317259,0.23954475,0.5811247,0.41887528
131,11.871,480.11996144366157,-0.12276682772045076,-0.009127332558217264,0.06466758938709488,neutral,Ba,0.09662044,0.080640346,0.23440659,0.58833265,0.41166735
132,11.847,467.59368504772715,-0.10569936896953841,-0.009127332558217264,0.06466758938709488,neutral,Ba,0.09745777,0.07943322,0.2303813,0.5927278,0.40727222
134,11.799,474.9483487232246,-0.10598934260006124,-0.009127332558217264,0.06466758938709488,neutral,Ba,0.09792444,0.07826669,0.22774825,0.59606063,0.40393937
136,11.751,479.02750361710576,-0.11053058838377018,-0.009127332558217264,0.06466758938709488,neutral,Ba,0.098357394,0.07613932,0.22322343,0.6022798,0.39772022
138,11.703,486.610426922111,-0.12650733643049777,-0.009127332558217264,0.06466758938709488,neutral,Ba,0.09847545,0.07402008,0.22050034,0.60700417,0.39299583
140,11.654,476.8863499249715,-0.1191887853345272,-0.009127332558217264,0.06466758938709488,neutral,Ba,0.09962615,0.07273738,0.21598172,0.61165476,0.38834524
142,11.606,480.4700439684709,-0.09807334143769254,-0.009127332558217264,0.06466758938709488,neutral,Ba,0.09948902,0.07098332,0.21364361,0.61588407,0.38411593
144,11.558,514.3847648821842,-0.07009963955593138,-0.009127332558217264,0.06466758938709488,neutral,Ba,0.099180005,0.0687466,0.2135325,0.61854094,0.38145906
146,11.51,522.4704637698054,-0.06750892672454027,-0.009127332558217264,0.06466758938709488,neutral,Ba,0.10085045,0.071767375,0.21133076,0.6160514,0.38394862
73,13.266,525.085818567974,-0.15494501710498723,-0.009127332558217264,0.06466758938709488,neutral,Ba,0.07282717,0.13368078,0.3662973,0.42719474,0.5728053
74,13.242,535.8669939801889,-0.18282439988407873,-0.009127332558217264,0.06466758938709488,neutral,Ba,0.07315532,0.13706061,0.3656668,0.42411724,0.5758828
76,13.194,522.9617565297614,-0.19730879859323536,-0.009127332558217264,0.06466758938709488,neutral,Ba,0.074250385,0.13433218,0.35790908,0.43350843,0.5664916
78,13.146,523.2844644212449,-0.19606919642737444,-0.009127332558217264,0.06466758938709488,neutral,Ba,0.07499256,0.13504663,0.35262227,0.43733853,0.56266147
80,13.097,509.22232335221554,-0.18311936906633358,-0.009127332558217264,0.06466758938709488,neutral,Ba,0.07555369,0.1338104,0.34981412,0.4408218,0.55917823
82,13.049,511.43959766084924,-0.17799468232027285,-0.009127332558217264,0.06466758938709488,neutral,Ba,0.07624659,0.13420852,0.3437108,0.44583407,0.55416596
84,13.001,537.9087624470884,-0.1352302384516389,-0.009127332558217264,0.06466758938709488,neutral,Ba,0.076577984,0.13179502,0.33995214,0.45167488,0.5483251
86,12.953,504.08217369327355,-0.055301394710394136,-0.009127332558217264,0.06466758938709488,neutral,Ba,0.07780038,0.1317519,0.3326117,0.45783606,0.54216397
87,12.929,470.3704205380435,-0.08824150213784339,-0.009127332558217264,0.06466758938709488,neutral,Ba,0.07818434,0.13200139,0.3298244,0.4599899,0.5400101
89,12.881,462.87775264432,-0.06158443506103587,-0.009127332558217264,0.06466758938709488,neutral,Ba,0.07897124,0.12991035,0.32726,0.4638585,0.5361415
91,12.833,466.90834366982085,-0.04414152618264748,-0.009127332558217264,0.06466758938709488,neutral,Ba,0.079702646,0.12872033,0.3225352,0.4690418,0.5309582
93,12.785,478.72815212246104,-0.048745030645183166,-0.009127332558217264,0.06466758938709488,neutral,Ba,0.07987021,0.12791294,0.31899777,0.4732191,0.5267809
95,12.737,481.1305699560771,-0.0714739917818338,-0.009127332558217264,0.06466758938709488,neutral,Ba,0.0811516,0.124681056,0.3140852,0.48008215,0.51991785
97,12.689,480.7851027324837,-0.08520164686380956,-0.009127332558217264,0.06466758938709488,neutral,Ba,0.082002915,0.12411799,0.3088148,0.4850643,0.51493573
99,12.641,459.3054037912785,-0.11044025747410957,-0.009127332558217264,0.06466758938709488,neutral,Ba,0.08275722,0.1233668,0.3037804,0.49009556,0.50990444
101,12.592,519.5719902012356,-0.1929913343226361,-0.009127332558217264,0.06466758938709488,neutral,Ba,0.082199365,0.116166316,0.30477646,0.4968579,0.5031421
102,12.568,525.085818567974,-0.15494501710498723,-0.009127332558217264,0.06466758938709488,neutral,Ba,0.08237442,0.11698807,0.30201492,0.4986226,0.5013774
104,12.52,527.2212665136335,-0.19540549556845252,-0.009127332558217264,0.06466758938709488,neutral,Ba,0.08351518,0.11937371,0.29718077,0.49993026,0.50006974
106,12.472,523.0287021091067,-0.19607190743056063,-0.009127332558217264,0.06466758938709488,neutral,Ba,0.084168404,0.11767749,0.29144877,0.5067054,0.4932946
108,12.424,510.98891010507697,-0.1711493511835762,-0.009127332558217264,0.06466758938709488,neutral,Ba,0.08472385,0.11799393,0.28799772,0.50928456,0.49071544
110,12.376,509.6797586241325,-0.17325419540407064,-0.009127332558217264,0.06466758938709488,neutral,Ba,0.085370764,0.11678239,0.28438243,0.5134644,0.4865356
112,12.328,532.3147730136776,-0.16030936750773875,-0.009127332558217264,0.06466758938709488,neutral,Ba,0.08577742,0.115001604,0.2783632,0.52085775,0.47914225
114,12.28,530.6784074373924,-0.11440470543893036,-0.009127332558217264,0.06466758938709488,neutral,Ba,0.08647186,0.11406489,0.27390784,0.5255554,0.47444463
116,12.232,470.3704205380435,-0.08824150213784339,-0.009127332558217264,0.06466758938709488,neutral,Ba,0.087365896,0.11413349,0.26845494,0.5300457,0.4699543
117,12.208,468.92365400619707,-0.07233746341713222,-0.009127332558217264,0.06466758938709488,neutral,Ba,0.08782337,0.11334933,0.26682073,0.53200656,0.46799344
119,12.159,469.2848272769496,-0.04321424063218933,-0.009127332558217264,0.06466758938709488,neutral,Ba,0.08828637,0.1108528,0.2648925,0.53596836,0.46403164
121,12.111,466.93335646366245,-0.04467874708303842,-0.009127332558217264,0.06466758938709488,neutral,Ba,0.08928398,0.11099707,0.25892374,0.5407952,0.4592048
123,12.063,494.9867018402595,-0.06939737000124595,-0.009127332558217264,0.06466758938709488,neutral,Ba,0.08942225,0.10701705,0.2569489,0.5466118,0.4533882
125,12.015,480.92289413895804,-0.06966793993174716,-0.009127332558217264,0.06466758938709488,neutral,Ba,0.090416394,0.10718508,0.2513455,0.55105305,0.44894695
127,11.967,456.28582292333675,-0.11673764024244578,-0.009127332558217264,0.06466758938709488,neutral,Ba,0.09143378,0.10622057,0.24628577,0.5560599,0.4439401
129,11.919,484.0631808119776,-0.14188401017212185,-0.009127332558217264,0.06466758938709488,neutral,Ba,0.09126521,0.10260842,0.24421567,0.56191075,0.43808925
131,11.871,525.085818567974,-0.15494501710498723,-0.009127332558217264,0.06466758938709488,neutral,Ba,0.09078405,0.09975495,0.24254876,0.56691223,0.43308777
132,11.847,535.8669939801889,-0.18282439988407873,-0.009127332558217264,0.06466758938709488,neutral,Ba,0.09136122,0.10291554,0.24273172,0.5629915,0.4370085
134,11.799,522.9617565297614,-0.19730879859323536,-0.009127332558217264,0.06466758938709488,neutral,Ba,0.09212239,0.10002318,0.23587708,0.5719774,0.42802262
136,11.751,523.2844644212449,-0.19606919642737444,-0.009127332558217264,0.06466758938709488,neutral,Ba,0.09279894,0.100099735,0.2315729,0.57552844,0.42447156
138,11.703,509.22232335221554,-0.18311936906633358,-0.009127332558217264,0.06466758938709488,neutral,Ba,0.093249306,0.09894641,0.2291717,0.57863253,0.42136747
140,11.654,511.43959766084924,-0.17799468232027285,-0.009127332558217264,0.06466758938709488,neutral,Ba,0.09374243,0.099008135,0.22422424,0.5830252,0.41697478
142,11.606,537.9087624470884,-0.1352302384516389,-0.009127332558217264,0.06466758938709488,neutral,Ba,0.093743585,0.096946195,0.2209572,0.58835304,0.41164696
144,11.558,504.08217369327355,-0.055301394710394136,-0.009127332558217264,0.06466758938709488,neutral,Ba,0.09469582,0.09698921,0.21490334,0.5934117,0.40658832
146,11.51,468.92365400619707,-0.07233746341713222,-0.009127332558217264,0.06466758938709488,neutral,Ba,0.095409036,0.09647898,0.21123256,0.5968794,0.40312058
73,13.266,508.89436020595963,-0.1546945419360475,-0.009127332558217264,0.06466758938709488,neutral,Ba,0.07497909,0.13598813,0.36342937,0.42560336,0.5743966
74,13.242,475.2353488845831,-0.15024680675360885,-0.009127332558217264,0.06466758938709488,neutral,Ba,0.07546258,0.1353124,0.36137933,0.42784575,0.5721543
76,13.194,490.7486773673961,-0.14767270488478873,-0.009127332558217264,0.06466758938709488,neutral,Ba,0.07586182,0.13305452,0.3590977,0.43198594,0.568014
78,13.146,463.21183476401035,-0.17408765854890204,-0.009127332558217264,0.06466758938709488,neutral,Ba,0.07707251,0.13238333,0.35266754,0.4378766,0.5621234
80,13.097,474.6299504004069,-0.18820511885944755,-0.009127332558217264,0.06466758938709488,neutral,Ba,0.077607475,0.12946649,0.34865588,0.44427022,0.55572975
82,13.049,468.17552313950364,-0.18246411566197537,-0.009127332558217264,0.06466758938709488,neutral,Ba,0.07907908,0.1278809,0.34221628,0.4508237,0.54917634
84,13.001,488.8739309894359,-0.1630495627749967,-0.009127332558217264,0.06466758938709488,neutral,Ba,0.07982549,0.12596413,0.33737877,0.45683166,0.5431683
86,12.953,486.11423812118403,-0.14083135640655814,-0.009127332558217264,0.06466758938709488,neutral,Ba,0.079947285,0.12516594,0.3339447,0.46094212,0.53905785
87,12.929,478.2784689701068,-0.13108611702460254,-0.009127332558217264,0.06466758938709488,neutral,Ba,0.08008252,0.1251608,0.3318184,0.46293825,0.53706175
89,12.881,514.6064478294782,-0.14464686181330305,-0.009127332558217264,0.06466758938709488,neutral,Ba,0.08085891,0.1265137,0.3264306,0.46619684,0.53380316
91,12.833,522.8795702270397,-0.13715076327370482,-0.009127332558217264,0.06466758938709488,neutral,Ba,0.08153672,0.12487974,0.3238742,0.4697093,0.5302907
93,12.785,535.3553578978303,-0.12869919519945774,-0.009127332558217264,0.06466758938709488,neutral,Ba,0.08179375,0.1256125,0.3218199,0.47077385,0.5292262
95,12.737,515.8265716465396,-0.10886864469521564,-0.009127332558217264,0.06466758938709488,neutral,Ba,0.08316529,0.12582538,0.3155363,0.47547302,0.52452695
97,12.689,528.3125324405369,-0.12182261539533717,-0.009127332558217264,0.06466758938709488,neutral,Ba,0.08348784,0.12475899,0.31201586,0.47973725,0.5202627
99,12.641,502.3998591540221,-0.13207942073977633,-0.009127332558217264,0.06466758938709488,neutral,Ba,0.08450905,0.12333398,0.3066164,0.48554054,0.5144595
101,12.592,511.5371855964781,-0.16834151528831726,-0.009127332558217264,0.06466758938709488,neutral,Ba,0.08466145,0.11970495,0.30538565,0.490248,0.50975204
102,12.568,508.89436020595963,-0.1546945419360475,-0.009127332558217264,0.06466758938709488,neutral,Ba,0.085463524,0.11932756,0.30169934,0.4935096,0.5064904
104,12.52,475.7839101955729,-0.150619691064156,-0.009127332558217264,0.06466758938709488,neutral,Ba,0.086387046,0.11781829,0.29817262,0.49762204,0.502378
106,12.472,469.06754649804327,-0.18876008928389082,-0.009127332558217264,0.06466758938709488,neutral,Ba,0.08680251,0.11571157,0.29472864,0.5027573,0.4972427
108,12.424,471.58587302152966,-0.17553915033969159,-0.009127332558217264,0.06466758938709488,neutral,Ba,0.08743265,0.11434761,0.28973925,0.5084804,0.49151957
110,12.376,474.33380861349946,-0.19330104979112736,-0.009127332558217264,0.06466758938709488,neutral,Ba,0.0886566,0.11189759,0.28416052,0.51528525,0.48471475
112,12.328,488.22634054291603,-0.17598821623626715,-0.009127332558217264,0.06466758938709488,neutral,Ba,0.089333914,0.109898575,0.28063115,0.52013636,0.47986364
114,12.28,487.67406082365073,-0.15500438503912223,-0.009127332558217264,0.06466758938709488,neutral,Ba,0.09037461,0.109360985,0.27406985,0.5261945,0.4738055
116,12.232,478.2784689701068,-0.13108611702460254,-0.009127332558217264,0.06466758938709488,neutral,Ba,0.09008573,0.10844302,0.27187714,0.5295941,0.47040588
117,12.208,514.617888420471,-0.14302950026476133,-0.009127332558217264,0.06466758938709488,neutral,Ba,0.090082556,0.11047796,0.27010515,0.52933437,0.47066563
119,12.159,514.0330322509816,-0.15486619548204633,-0.009127332558217264,0.06466758938709488,neutral,Ba,0.09145902,0.10915492,0.26422974,0.53515637,0.46484363
121,12.111,526.2084662876985,-0.11269222067685146,-0.009127332558217264,0.06466758938709488,neutral,Ba,0.0913913,0.10796806,0.2647494,0.53589123,0.46410877
123,12.063,519.312550223882,-0.10860645510905237,-0.009127332558217264,0.06466758938709488,neutral,Ba,0.09262121,0.10835972,0.2596853,0.5393337,0.4606663
125,12.015,521.8601359775719,-0.10495643093607968,-0.009127332558217264,0.06466758938709488,neutral,Ba,0.092982255,0.10762157,0.25460675,0.54478943,0.45521057
127,11.967,501.24256566971195,-0.13366356035364266,-0.009127332558217264,0.06466758938709488,neutral,Ba,0.09397364,0.10587991,0.25086898,0.54927754,0.45072246
129,11.919,516.1849275726851,-0.13550539315714039,-0.009127332558217264,0.06466758938709488,neutral,Ba,0.09409461,0.10466697,0.24949072,0.5517477,0.44825232
131,11.871,508.89436020595963,-0.1546945419360475,-0.009127332558217264,0.06466758938709488,neutral,Ba,0.09506859,0.10223265,0.24443556,0.55826324,0.44173676
132,11.847,475.2353488845831,-0.15024680675360885,-0.009127332558217264,0.06466758938709488,neutral,Ba,0.09554831,0.101679005,0.24274836,0.5600243,0.43997568
134,11.799,490.7486773673961,-0.14767270488478873,-0.009127332558217264,0.06466758938709488,neutral,Ba,0.09576145,0.099590085,0.24047221,0.56417626,0.43582374
136,11.751,463.21183476401035,-0.17408765854890204,-0.009127332558217264,0.06466758938709488,neutral,Ba,0.0968829,0.09873314,0.23519592,0.56918806,0.43081194
138,11.703,474.6299504004069,-0.18820511885944755,-0.009127332558217264,0.06466758938709488,neutral,Ba,0.09714918,0.09609936,0.23152092,0.57523054,0.42476946
140,11.654,468.17552313950364,-0.18246411566197537,-0.009127332558217264,0.06466758938709488,neutral,Ba,0.09851858,0.09482034,0.2262252,0.5804359,0.41956413
142,11.606,488.8739309894359,-0.1630495627749967,-0.009127332558217264,0.06466758938709488,neutral,Ba,0.09899618,0.09291118,0.22199483,0.5860978,0.41390222
144,11.558,486.11423812118403,-0.14083135640655814,-0.009127332558217264,0.06466758938709488,neutral,Ba,0.09885269,0.09221436,0.21908084,0.58985215,0.41014785
146,11.51,514.617888420471,-0.14302950026476133,-0.009127332558217264,0.06466758938709488,neutral,Ba,0.09883531,0.09394368,0.21587975,0.5913412,0.4086588
73,13.266,506.1597738137964,-0.00807877085859426,-0.009127332558217264,0.06466758938709488,neutral,Ba,0.07928086,0.1240295,0.34116027,0.45552942,0.54447055
74,13.242,499.96049123430396,-0.018319463908479095,-0.009127332558217264,0.06466758938709488,neutral,Ba,0.07961414,0.12286896,0.33815208,0.45936486,0.5406351
76,13.194,504.5714413199887,-0.017371900480240038,-0.009127332558217264,0.06466758938709488,neutral,Ba,0.08069431,0.12101179,0.33309162,0.4652023,0.53479767
78,13.146,513.9831714016523,-0.025253126561494012,-0.009127332558217264,0.06466758938709488,neutral,Ba,0.081078336,0.11869724,0.33086145,0.46936303,0.53063697
80,13.097,481.633707560449,0.004139734512021223,-0.009127332558217264,0.06466758938709488,neutral,Ba,0.08230966,0.11707804,0.3242399,0.47637245,0.5236275
82,13.049,502.6143172220835,-0.020591852303807445,-0.009127332558217264,0.06466758938709488,neutral,Ba,0.08267069,0.11397516,0.32135364,0.4820004,0.5179996
84,13.001,525.0901263769205,-0.04666353884980151,-0.009127332558217264,0.06466758938709488,neutral,Ba,0.08256203,0.11555815,0.3166197,0.48526022,0.51473975
86,12.953,497.51872504081246,-0.05255269158974078,-0.009127332558217264,0.06466758938709488,neutral,Ba,0.084129155,0.11408558,0.30771235,0.49407297,0.505927
87,12.929,500.07551620620063,-0.06024699855393884,-0.009127332558217264,0.06466758938709488,neutral,Ba,0.084505536,0.113633715,0.30649912,0.49536166,0.5046383
89,12.881,492.1821826782751,-0.028923289021055894,-0.009127332558217264,0.06466758938709488,neutral,Ba,0.08481261,0.1128357,0.3032364,0.49911532,0.50088465
91,12.833,485.8792759923194,-0.030674383697662927,-0.009127332558217264,0.06466758938709488,neutral,Ba,0.0860584,0.11142932,0.29652008,0.5059922,0.49400783
93,12.785,484.76101330015706,-0.027531562605332776,-0.009127332558217264,0.06466758938709488,neutral,Ba,0.08658285,0.109842114,0.293534,0.51004106,0.48995894
95,12.737,508.438641726639,-0.051004970346492214,-0.009127332558217264,0.06466758938709488,neutral,Ba,0.087517135,0.106238626,0.2879528,0.5182915,0.48170853
97,12.689,487.46896979985115,-0.06491097270125848,-0.009127332558217264,0.06466758938709488,neutral,Ba,0.088729,0.103898436,0.2816079,0.5257647,0.4742353
99,12.641,489.5182623693079,-0.011329969877487585,-0.009127332558217264,0.06466758938709488,neutral,Ba,0.088987604,0.103244275,0.2795478,0.5282203,0.4717797
101,12.592,492.1600935562511,-0.008575557285697357,-0.009127332558217264,0.06466758938709488,neutral,Ba,0.08983067,0.10229788,0.27169305,0.5361784,0.4638216
102,12.568,506.1597738137964,-0.00807877085859426,-0.009127332558217264,0.06466758938709488,neutral,Ba,0.09030062,0.10273523,0.27051502,0.5364491,0.46355093
104,12.52,498.8171912347913,-0.023225877143093102,-0.009127332558217264,0.06466758938709488,neutral,Ba,0.091387786,0.099713646,0.2633949,0.5455037,0.45449632
106,12.472,505.16691175207285,-0.022678348094255098,-0.009127332558217264,0.06466758938709488,neutral,Ba,0.09207138,0.09905535,0.26045626,0.54841703,0.45158297
108,12.424,504.8504476035353,0.0036587801110996854,-0.009127332558217264,0.06466758938709488,neutral,Ba,0.092585266,0.09693406,0.25724941,0.55323124,0.44676876
110,12.376,496.3651722102287,-0.0009106246165557124,-0.009127332558217264,0.06466758938709488,neutral,Ba,0.09306361,0.09522873,0.25405657,0.5576511,0.4423489
112,12.328,537.4950419379248,0.011933648181953296,-0.009127332558217264,0.06466758938709488,neutral,Ba,0.09228153,0.095458515,0.25053644,0.5617236,0.4382764
114,12.28,497.8696694777983,-0.057640159938307345,-0.009127332558217264,0.06466758938709488,neutral,Ba,0.09366105,0.093698025,0.24342783,0.5692131,0.4307869
116,12.232,500.07551620620063,-0.06024699855393884,-0.009127332558217264,0.06466758938709488,neutral,Ba,0.094664685,0.09257499,0.23902613,0.5737342,0.42626578
117,12.208,496.5317026491257,-0.02374156342948718,-0.009127332558217264,0.06466758938709488,neutral,Ba,0.09451689,0.092335,0.23894966,0.5741984,0.42580158
119,12.159,491.1799375046569,-0.03505302074156281,-0.009127332558217264,0.06466758938709488,neutral,Ba,0.09547998,0.09097763,0.23249973,0.58104265,0.41895735
121,12.111,485.112632082677,-0.023967802840211144,-0.009127332558217264,0.06466758938709488,neutral,Ba,0.09657898,0.08961526,0.22738612,0.5864197,0.4135803
123,12.063,508.8289654668954,-0.05588718975538472,-0.009127332558217264,0.06466758938709488,neutral,Ba,0.0963256,0.08692893,0.22679804,0.58994746,0.41005254
125,12.015,493.3357092797751,-0.032715398917753644,-0.009127332558217264,0.06466758938709488,neutral,Ba,0.097643755,0.08468123,0.21938626,0.5982888,0.40171123
127,11.967,465.93811554945034,-0.05088454237352228,-0.009127332558217264,0.06466758938709488,neutral,Ba,0.0984968,0.08276042,0.216522,0.6022208,0.39777923
129,11.919,489.9395348431108,-0.002792579190428182,-0.009127332558217264,0.06466758938709488,neutral,Ba,0.09869845,0.08217556,0.21148889,0.60763705,0.39236295
131,11.871,506.1597738137964,-0.00807877085859426,-0.009127332558217264,0.06466758938709488,neutral,Ba,0.09944488,0.08231607,0.20739707,0.610842,0.389158
132,11.847,499.96049123430396,-0.018319463908479095,-0.009127332558217264,0.06466758938709488,neutral,Ba,0.099513374,0.081519246,0.20487274,0.6140947,0.38590533
134,11.799,504.5714413199887,-0.017371900480240038,-0.009127332558217264,0.06466758938709488,neutral,Ba,0.100332275,0.08009473,0.20076184,0.61881113,0.38118887
136,11.751,513.9831714016523,-0.025253126561494012,-0.009127332558217264,0.06466758938709488,neutral,Ba,0.10046177,0.07844978,0.19874766,0.6223408,0.3776592
138,11.703,481.633707560449,0.004139734512021223,-0.009127332558217264,0.06466758938709488,neutral,Ba,0.10132821,0.07732635,0.19352558,0.6278199,0.3721801
140,11.654,502.6143172220835,-0.020591852303807445,-0.009127332558217264,0.06466758938709488,neutral,Ba,0.10132348,0.075096354,0.19103368,0.63254654,0.36745346
142,11.606,525.0901263769205,-0.04666353884980151,-0.009127332558217264,0.06466758938709488,neutral,Ba,0.10089231,0.076006375,0.18764848,0.6354528,0.3645472
144,11.558,497.51872504081246,-0.05255269158974078,-0.009127332558217264,0.06466758938709488,neutral,Ba,0.101942435,0.07511603,0.18088652,0.642055,0.35794502
146,11.51,496.5317026491257,-0.02374156342948718,-0.009127332558217264,0.06466758938709488,neutral,Ba,0.10214428,0.07440235,0.17993931,0.64351404,0.35648596
73,13.266,492.4572583762439,-0.03496724286568552,-0.009127332558217264,0.06466758938709488,neutral,Ba,0.07475654,0.11828588,0.36755702,0.43940055,0.56059945
74,13.242,489.6822758625551,-0.03234593584535548,-0.009127332558217264,0.06466758938709488,neutral,Ba,0.075436525,0.1170425,0.3647661,0.4427549,0.55724514
76,13.194,487.76618976141305,-0.014451213737393987,-0.009127332558217264,0.06466758938709488,neutral,Ba,0.07588466,0.116394706,0.36074847,0.44697216,0.55302787
78,13.146,481.7485892396192,-0.013139185528507392,-0.009127332558217264,0.06466758938709488,neutral,Ba,0.07705074,0.11452855,0.35425738,0.4541633,0.5458367
80,13.097,470.58207026814165,0.07928387817504262,-0.009127332558217264,0.06466758938709488,neutral,Ba,0.0780062,0.11427486,0.3485557,0.45916316,0.5408368
82,13.049,457.57744561348267,0.052756086232933846,-0.009127332558217264,0.06466758938709488,neutral,Ba,0.079097345,0.11273646,0.34148946,0.46667665,0.53332335
84,13.001,455.61472633409835,0.050981617148147876,-0.009127332558217264,0.06466758938709488,neutral,Ba,0.08005551,0.110965446,0.33767515,0.4713039,0.52869606
86,12.953,461.93307276791376,0.05942604806046817,-0.009127332558217264,0.06466758938709488,neutral,Ba,0.080704086,0.109909765,0.3332919,0.47609428,0.52390575
87,12.929,494.77856852986474,0.04280859006349549,-0.009127332558217264,0.06466758938709488,neutral,Ba,0.080085926,0.10868289,0.33396065,0.47727057,0.5227294
89,12.881,497.64727975987415,0.05404366459150501,-0.009127332558217264,0.06466758938709488,neutral,Ba,0.08089036,0.107985936,0.32765096,0.48347273,0.5165273
91,12.833,508.2778070827421,0.03905499319002748,-0.009127332558217264,0.06466758938709488,neutral,Ba,0.08193866,0.1060432,0.3218141,0.4902041,0.5097959
93,12.785,522.5002646314039,0.034428318833472936,-0.009127332558217264,0.06466758938709488,neutral,Ba,0.08275597,0.10574148,0.31947452,0.49202794,0.50797206
95,12.737,530.2045395494229,-0.04305381819252509,-0.009127332558217264,0.06466758938709488,neutral,Ba,0.08231704,0.103394784,0.31726503,0.49702317,0.50297683
97,12.689,541.3062599171808,-0.018576537567104222,-0.009127332558217264,0.06466758938709488,neutral,Ba,0.08217595,0.102538526,0.31461018,0.5006754,0.49932462
99,12.641,534.1376727153659,-0.030362696052382333,-0.009127332558217264,0.06466758938709488,neutral,Ba,0.08296995,0.100255296,0.30950245,0.50727224,0.49272776
101,12.592,528.4634229395344,-0.015466621670951256,-0.009127332558217264,0.06466758938709488,neutral,Ba,0.0842075,0.09770094,0.30462167,0.5134699,0.48653013
102,12.568,492.4572583762439,-0.03496724286568552,-0.009127332558217264,0.06466758938709488,neutral,Ba,0.08479542,0.09657672,0.30233634,0.51629156,0.48370844
104,12.52,488.9871202691799,-0.0421999250233665,-0.009127332558217264,0.06466758938709488,neutral,Ba,0.086084574,0.09407091,0.2967214,0.5231231,0.4768769
106,12.472,481.5545051652129,-0.006786745807232769,-0.009127332558217264,0.06466758938709488,neutral,Ba,0.08633906,0.09350291,0.29272616,0.5274319,0.4725681
108,12.424,482.34590211767875,0.0274288175696915,-0.009127332558217264,0.06466758938709488,neutral,Ba,0.08723872,0.09277006,0.28690186,0.5330894,0.4669106
110,12.376,458.83819307660826,0.06322305845025072,-0.009127332558217264,0.06466758938709488,neutral,Ba,0.08843214,0.09134142,0.2796494,0.540577,0.459423
112,12.328,449.1547789212363,0.045346779576255235,-0.009127332558217264,0.06466758938709488,neutral,Ba,0.089199364,0.09003866,0.27552778,0.54523414,0.45476586
114,12.28,460.67271263427693,0.06528977614103999,-0.009127332558217264,0.06466758938709488,neutral,Ba,0.08978066,0.088970855,0.27282542,0.5484232,0.45157683
116,12.232,494.77856852986474,0.04280859006349549,-0.009127332558217264,0.06466758938709488,neutral,Ba,0.08942285,0.087473325,0.2704272,0.5526766,0.44732338
117,12.208,496.4811411533574,0.05757577247670765,-0.009127332558217264,0.06466758938709488,neutral,Ba,0.08953063,0.08757838,0.26800707,0.5548839,0.4451161
119,12.159,525.6315174934363,0.06798202897333028,-0.009127332558217264,0.06466758938709488,neutral,Ba,0.0912427,0.085975185,0.2626723,0.5601098,0.4398902
121,12.111,508.83152814931026,0.03550098079524955,-0.009127332558217264,0.06466758938709488,neutral,Ba,0.09171553,0.08339059,0.25496915,0.5699247,0.4300753
123,12.063,523.7339861005314,-0.016223374908415668,-0.009127332558217264,0.06466758938709488,neutral,Ba,0.09156656,0.084007375,0.25464246,0.56978357,0.43021643
125,12.015,534.4435358414944,-0.02872565762242391,-0.009127332558217264,0.06466758938709488,neutral,Ba,0.09127299,0.082851276,0.2537598,0.5721159,0.4278841
127,11.967,543.0793088207968,-0.013947671129558272,-0.009127332558217264,0.06466758938709488,neutral,Ba,0.091021314,0.08075389,0.25095627,0.57726854,0.42273146
129,11.919,528.0047384782962,-0.025973807623583454,-0.009127332558217264,0.06466758938709488,neutral,Ba,0.09227368,0.078271896,0.24494845,0.584506,0.41549402
131,11.871,492.4572583762439,-0.03496724286568552,-0.009127332558217264,0.06466758938709488,neutral,Ba,0.093287736,0.07653484,0.24126747,0.58891,0.41109002
132,11.847,489.6822758625551,-0.03234593584535548,-0.009127332558217264,0.06466758938709488,neutral,Ba,0.09385608,0.07545829,0.23872407,0.59196156,0.40803844
134,11.799,487.76618976141305,-0.014451213737393987,-0.009127332558217264,0.06466758938709488,neutral,Ba,0.094112255,0.07481956,0.23541331,0.5956549,0.4043451
136,11.751,481.7485892396192,-0.013139185528507392,-0.009127332558217264,0.06466758938709488,neutral,Ba,0.09506679,0.073130846,0.22979459,0.6020078,0.3979922
138,11.703,470.58207026814165,0.07928387817504262,-0.009127332558217264,0.06466758938709488,neutral,Ba,0.09578315,0.07285209,0.22507285,0.60629195,0.39370805
140,11.654,457.57744561348267,0.052756086232933846,-0.009127332558217264,0.06466758938709488,neutral,Ba,0.096596956,0.07140848,0.21928321,0.61271137,0.38728863
142,11.606,455.61472633409835,0.050981617148147876,-0.009127332558217264,0.06466758938709488,neutral,Ba,0.097408466,0.070032306,0.21605259,0.6165067,0.3834933
144,11.558,461.93307276791376,0.05942604806046817,-0.009127332558217264,0.06466758938709488,neutral,Ba,0.09785877,0.069093816,0.21249883,0.6205486,0.3794514
146,11.51,496.4811411533574,0.05757577247670765,-0.009127332558217264,0.06466758938709488,neutral,Ba,0.09705641,0.06843118,0.21069798,0.62381446,0.37618554
73,13.266,499.8574439935885,-0.034017115657614706,-0.009127332558217264,0.06466758938709488,neutral,Ba,0.075621136,0.13819282,0.3578575,0.42832854,0.5716715
74,13.242,507.114761393988,-0.04818264348016711,-0.009127332558217264,0.06466758938709488,neutral,Ba,0.07594779,0.14012109,0.3564538,0.42747736,0.57252264
76,13.194,514.7944264407936,-0.0013811310489859434,-0.009127332558217264,0.06466758938709488,neutral,Ba,0.075894974,0.13522983,0.35541493,0.4334603,0.5665397
78,13.146,524.4258807169422,-0.025433987457980985,-0.009127332558217264,0.06466758938709488,neutral,Ba,0.07674638,0.1381203,0.34909597,0.43603733,0.5639627
80,13.097,522.6494713099921,-0.024680595972001704,-0.009127332558217264,0.06466758938709488,neutral,Ba,0.078380965,0.13863824,0.34291375,0.44006702,0.55993295
82,13.049,527.5339223399174,-0.02898991121469126,-0.009127332558217264,0.06466758938709488,neutral,Ba,0.07939675,0.13725747,0.34018832,0.4431574,0.55684257
84,13.001,531.7159682632739,0.001406926540758167,-0.009127332558217264,0.06466758938709488,neutral,Ba,0.07951007,0.13241595,0.33907396,0.449,0.551
86,12.953,496.31500640160516,0.0010617300049604963,-0.009127332558217264,0.06466758938709488,neutral,Ba,0.08062951,0.13361785,0.33427846,0.4514742,0.5485258
87,12.929,488.7226193233962,0.006435067652982592,-0.009127332558217264,0.06466758938709488,neutral,Ba,0.080876395,0.13250035,0.33250678,0.45411655,0.5458834
89,12.881,506.63469442792416,-0.01657789996944343,-0.009127332558217264,0.06466758938709488,neutral,Ba,0.081123844,0.1296729,0.3264573,0.46274596,0.53725404
91,12.833,471.97107830623906,-0.01799672803108244,-0.009127332558217264,0.06466758938709488,neutral,Ba,0.081727535,0.12928253,0.32156157,0.46742833,0.5325717
93,12.785,464.00595333407614,-0.010905527591013082,-0.009127332558217264,0.06466758938709488,neutral,Ba,0.08313095,0.13004293,0.31549263,0.47133356,0.52866644
95,12.737,467.24056405798353,-0.010839899084392639,-0.009127332558217264,0.06466758938709488,neutral,Ba,0.083879106,0.13022952,0.31180242,0.47408897,0.52591103
97,12.689,463.623076162525,0.004132843296098106,-0.009127332558217264,0.06466758938709488,neutral,Ba,0.08453717,0.1308876,0.3087867,0.47578856,0.5242114
99,12.641,492.7423557580366,-0.04091644258002309,-0.009127332558217264,0.06466758938709488,neutral,Ba,0.08442094,0.122226216,0.3036882,0.48966467,0.5103353
101,12.592,506.7648798551748,-0.04249151204493695,-0.009127332558217264,0.06466758938709488,neutral,Ba,0.08519155,0.12239063,0.29866216,0.4937557,0.5062443
102,12.568,499.8574439935885,-0.034017115657614706,-0.009127332558217264,0.06466758938709488,neutral,Ba,0.08604169,0.12178327,0.29478332,0.4973918,0.5026082
104,12.52,509.4512928097168,-0.04119689958803853,-0.009127332558217264,0.06466758938709488,neutral,Ba,0.08631837,0.12083278,0.29267743,0.5001714,0.49982858
106,12.472,524.0493073165059,-0.02201992498786053,-0.009127332558217264,0.06466758938709488,neutral,Ba,0.08663754,0.12108727,0.28895578,0.5033194,0.49668062
108,12.424,524.4340717638784,-0.02835150541070112,-0.009127332558217264,0.06466758938709488,neutral,Ba,0.08787045,0.121487714,0.28410855,0.5065333,0.49346668
110,12.376,521.2778952330099,-0.02630682828862599,-0.009127332558217264,0.06466758938709488,neutral,Ba,0.08937735,0.12224751,0.27892208,0.50945306,0.49054694
112,12.328,528.4955766569324,-0.026880808888386166,-0.009127332558217264,0.06466758938709488,neutral,Ba,0.0900489,0.11969183,0.27674565,0.5135136,0.48648638
114,12.28,496.0407022130711,-0.00351635831290094,-0.009127332558217264,0.06466758938709488,neutral,Ba,0.09037657,0.116293654,0.2748386,0.5184912,0.4815088
116,12.232,488.7226193233962,0.006435067652982592,-0.009127332558217264,0.06466758938709488,neutral,Ba,0.09110533,0.11559606,0.27115574,0.5221429,0.4778571
117,12.208,491.2899620709013,-0.0010280607664695952,-0.009127332558217264,0.06466758938709488,neutral,Ba,0.091416806,0.114868514,0.26919448,0.5245202,0.47547978
119,12.159,484.4030036190418,-0.03441722350534609,-0.009127332558217264,0.06466758938709488,neutral,Ba,0.09106771,0.11211943,0.26405865,0.5327542,0.46724582
121,12.111,463.7688312295854,-0.01225354327431969,-0.009127332558217264,0.06466758938709488,neutral,Ba,0.092514284,0.11255902,0.25751206,0.53741467,0.46258533
123,12.063,466.3125530339517,-0.007647430912252308,-0.009127332558217264,0.06466758938709488,neutral,Ba,0.09347441,0.11258728,0.2538963,0.54004204,0.45995796
125,12.015,467.2809030910864,-0.008086340555680723,-0.009127332558217264,0.06466758938709488,neutral,Ba,0.09425205,0.1133261,0.25083163,0.54159015,0.45840985
127,11.967,474.89550274132125,0.010597309224090773,-0.009127332558217264,0.06466758938709488,neutral,Ba,0.094342366,0.11147652,0.24828082,0.54590034,0.45409966
129,11.919,492.94951802147557,-0.032765125014863394,-0.009127332558217264,0.06466758938709488,neutral,Ba,0.09454289,0.105268195,0.24114628,0.55904263,0.44095737
131,11.871,499.8574439935885,-0.034017115657614706,-0.009127332558217264,0.06466758938709488,neutral,Ba,0.09544985,0.10463405,0.23674624,0.5631699,0.4368301
132,11.847,507.114761393988,-0.04818264348016711,-0.009127332558217264,0.06466758938709488,neutral,Ba,0.09587229,0.10609312,0.23580588,0.5622287,0.43777132
134,11.799,514.7944264407936,-0.0013811310489859434,-0.009127332558217264,0.06466758938709488,neutral,Ba,0.09544034,0.10178636,0.23409615,0.5686772,0.4313228
136,11.751,524.4258807169422,-0.025433987457980985,-0.009127332558217264,0.06466758938709488,neutral,Ba,0.096271954,0.10413023,0.22953878,0.57005906,0.42994094
138,11.703,522.6494713099921,-0.024680595972001704,-0.009127332558217264,0.06466758938709488,neutral,Ba,0.098009385,0.10407576,0.22471042,0.57320446,0.42679554
140,11.654,527.5339223399174,-0.02898991121469126,-0.009127332558217264,0.06466758938709488,neutral,Ba,0.099034965,0.10269926,0.22237948,0.5758863,0.4241137
142,11.606,531.7159682632739,0.001406926540758167,-0.009127332558217264,0.06466758938709488,neutral,Ba,0.09883943,0.09876426,0.22091486,0.5814814,0.4185186
144,11.558,496.31500640160516,0.0010617300049604963,-0.009127332558217264,0.06466758938709488,neutral,Ba,0.09999562,0.09938943,0.21726549,0.5833495,0.41665047
146,11.51,491.2899620709013,-0.0010280607664695952,-0.009127332558217264,0.06466758938709488,neutral,Ba,0.10038768,0.09769244,0.21400292,0.587917,0.41208303
73,13.266,485.0436222920777,-0.08112625502053619,-0.009127332558217264,0.06466758938709488,neutral,Ba,0.078059725,0.12477492,0.35182437,0.44534105,0.55465895
74,13.242,473.6928603050163,-0.058824236642513766,-0.009127332558217264,0.06466758938709488,neutral,Ba,0.07868567,0.12428246,0.34979826,0.44723368,0.5527663
76,13.194,506.2318213168698,-0.09843426198298935,-0.009127332558217264,0.06466758938709488,neutral,Ba,0.07824069,0.121540554,0.34873417,0.45148462,0.5485154
78,13.146,511.93107891063823,-0.08607142891382293,-0.009127332558217264,0.06466758938709488,neutral,Ba,0.078889325,0.11914281,0.34425366,0.45771426,0.54228574
80,13.097,513.2577329415335,-0.09258227155244686,-0.009127332558217264,0.06466758938709488,neutral,Ba,0.08005314,0.11590898,0.3391422,0.46489567,0.53510433
82,13.049,505.0763078769951,-0.09759794604504733,-0.009127332558217264,0.06466758938709488,neutral,Ba,0.080691054,0.11506296,0.33640647,0.46783942,0.5321606
84,13.001,518.3655690897245,-0.07131744924978577,-0.009127332558217264,0.06466758938709488,neutral,Ba,0.08043053,0.1147879,0.331711,0.4730706,0.5269294
86,12.953,505.9783136801151,-0.0828412086287344,-0.009127332558217264,0.06466758938709488,neutral,Ba,0.08181727,0.11318936,0.3229754,0.48201793,0.51798207
87,12.929,511.85231223300383,-0.06688767491201109,-0.009127332558217264,0.06466758938709488,neutral,Ba,0.08218977,0.11267541,0.32099774,0.48413706,0.51586294
89,12.881,518.4370389728091,-0.053800447144296465,-0.009127332558217264,0.06466758938709488,neutral,Ba,0.0832095,0.111578986,0.31577423,0.48943725,0.5105628
91,12.833,483.9388032379216,-0.031144674328870053,-0.009127332558217264,0.06466758938709488,neutral,Ba,0.083994605,0.10963991,0.31161562,0.49474987,0.5052501
93,12.785,478.6024199300177,-0.030730079667568903,-0.009127332558217264,0.06466758938709488,neutral,Ba,0.0852127,0.108148254,0.30637527,0.50026375,0.49973625
95,12.737,493.6788582928966,-0.029196334423004556,-0.009127332558217264,0.06466758938709488,neutral,Ba,0.0860357,0.10712502,0.30160484,0.5052344,0.49476558
97,12.689,511.5282954137959,-0.010856776790409306,-0.009127332558217264,0.06466758938709488,neutral,Ba,0.08678211,0.10648959,0.29606792,0.51066035,0.48933965
99,12.641,481.2366035215795,-0.05775363066492224,-0.009127332558217264,0.06466758938709488,neutral,Ba,0.08778807,0.10617187,0.29069933,0.5153407,0.4846593
101,12.592,480.87124222496277,-0.05619003276930569,-0.009127332558217264,0.06466758938709488,neutral,Ba,0.08860115,0.10509116,0.28584084,0.5204668,0.4795332
102,12.568,485.0436222920777,-0.08112625502053619,-0.009127332558217264,0.06466758938709488,neutral,Ba,0.088934384,0.10340451,0.2840649,0.5235962,0.47640377
104,12.52,485.61738772107856,-0.06427632047354849,-0.009127332558217264,0.06466758938709488,neutral,Ba,0.08909514,0.10323971,0.2808439,0.52682126,0.47317874
106,12.472,506.4987063417289,-0.09031636266758401,-0.009127332558217264,0.06466758938709488,neutral,Ba,0.0896468,0.100037426,0.27724248,0.5330733,0.4669267
108,12.424,512.1418919435696,-0.0898798011324935,-0.009127332558217264,0.06466758938709488,neutral,Ba,0.09014704,0.0964218,0.27364102,0.53979015,0.46020985
110,12.376,496.4280317728166,-0.0912688610269145,-0.009127332558217264,0.06466758938709488,neutral,Ba,0.09108216,0.09453921,0.268911,0.5454676,0.45453238
112,12.328,484.5215176179307,-0.1075622596058574,-0.009127332558217264,0.06466758938709488,neutral,Ba,0.091215745,0.09354592,0.2671648,0.5480735,0.45192653
114,12.28,504.5665862681349,-0.08054631569221532,-0.009127332558217264,0.06466758938709488,neutral,Ba,0.091431774,0.09290359,0.26052147,0.5551432,0.44485682
116,12.232,511.85231223300383,-0.06688767491201109,-0.009127332558217264,0.06466758938709488,neutral,Ba,0.09220824,0.09197644,0.2552353,0.56057996,0.43942004
117,12.208,518.4235539183551,-0.053963689337301245,-0.009127332558217264,0.06466758938709488,neutral,Ba,0.09261618,0.09150848,0.25463286,0.56124246,0.43875754
119,12.159,507.2592008552931,-0.023143123165365098,-0.009127332558217264,0.06466758938709488,neutral,Ba,0.09323246,0.08984324,0.24937215,0.56755215,0.43244785
121,12.111,483.8432917430785,-0.03400738533899145,-0.009127332558217264,0.06466758938709488,neutral,Ba,0.09445524,0.08853027,0.24409753,0.5729169,0.42708308
123,12.063,477.8793797891278,-0.02875218062972364,-0.009127332558217264,0.06466758938709488,neutral,Ba,0.09572642,0.08704128,0.23900019,0.57823217,0.42176783
125,12.015,493.67326158475146,-0.029534291899663397,-0.009127332558217264,0.06466758938709488,neutral,Ba,0.09644799,0.08586278,0.23461461,0.5830746,0.41692537
127,11.967,505.65019849510776,-0.04933961187365629,-0.009127332558217264,0.06466758938709488,neutral,Ba,0.097072706,0.08483518,0.22878402,0.5893081,0.41069192
129,11.919,481.8799454874869,-0.050749208355235526,-0.009127332558217264,0.06466758938709488,neutral,Ba,0.09767601,0.08531249,0.22598086,0.59103066,0.40896934
131,11.871,485.0436222920777,-0.08112625502053619,-0.009127332558217264,0.06466758938709488,neutral,Ba,0.09817878,0.08304744,0.22224542,0.5965284,0.4034716
132,11.847,473.6928603050163,-0.058824236642513766,-0.009127332558217264,0.06466758938709488,neutral,Ba,0.098789155,0.08256097,0.22057912,0.59807074,0.40192926
134,11.799,506.2318213168698,-0.09843426198298935,-0.009127332558217264,0.06466758938709488,neutral,Ba,0.09794753,0.08057453,0.21933816,0.6021398,0.39786023
136,11.751,511.93107891063823,-0.08607142891382293,-0.009127332558217264,0.06466758938709488,neutral,Ba,0.09830353,0.07859615,0.21549293,0.60760736,0.39239264
138,11.703,513.2577329415335,-0.09258227155244686,-0.009127332558217264,0.06466758938709488,neutral,Ba,0.09922337,0.07607396,0.21110782,0.61359483,0.38640517
140,11.654,505.0763078769951,-0.09759794604504733,-0.009127332558217264,0.06466758938709488,neutral,Ba,0.09976727,0.075427614,0.20887384,0.6159313,0.38406873
142,11.606,518.3655690897245,-0.07131744924978577,-0.009127332558217264,0.06466758938709488,neutral,Ba,0.0990143,0.0749631,0.20520502,0.62081754,0.37918246
144,11.558,505.9783136801151,-0.0828412086287344,-0.009127332558217264,0.06466758938709488,neutral,Ba,0.09995303,0.07389299,0.19825341,0.62790054,0.37209946
146,11.51,518.4235539183551,-0.053963689337301245,-0.009127332558217264,0.06466758938709488,neutral,Ba,0.10062161,0.073092364,0.19615334,0.6301327,0.36986732
73,13.266,521.822294287375,-0.0593725195619496,-0.009127332558217264,0.06466758938709488,neutral,Ba,0.07797693,0.12532,0.34097928,0.45572382,0.5442762
74,13.242,516.8694290995444,-0.04836003674402106,-0.009127332558217264,0.06466758938709488,neutral,Ba,0.077735655,0.12491187,0.34112558,0.45622692,0.54377306
76,13.194,480.3349971498515,-0.07806796927912345,-0.009127332558217264,0.06466758938709488,neutral,Ba,0.07850621,0.12278633,0.3364146,0.46229285,0.53770715
78,13.146,508.4884291027731,-0.10459914272344417,-0.009127332558217264,0.06466758938709488,neutral,Ba,0.07916225,0.11777761,0.3330081,0.4700521,0.5299479
80,13.097,499.7142454963513,-0.12867849714530025,-0.009127332558217264,0.06466758938709488,neutral,Ba,0.080400944,0.115613736,0.32512522,0.4788601,0.52113986
82,13.049,503.8978784345085,-0.14882067222169817,-0.009127332558217264,0.06466758938709488,neutral,Ba,0.08092479,0.11302347,0.32284403,0.48320773,0.5167923
84,13.001,488.72318045489607,-0.13295367921126253,-0.009127332558217264,0.06466758938709488,neutral,Ba,0.08125139,0.11227672,0.31921527,0.48725668,0.51274335
86,12.953,468.95443402534903,-0.12697728788100535,-0.009127332558217264,0.06466758938709488,neutral,Ba,0.08223084,0.11082883,0.31301498,0.4939253,0.50607467
87,12.929,468.49747149659834,-0.12557694953698595,-0.009127332558217264,0.06466758938709488,neutral,Ba,0.08284265,0.10984317,0.30924475,0.49806944,0.5019306
89,12.881,477.00056586974847,-0.13250672521196655,-0.009127332558217264,0.06466758938709488,neutral,Ba,0.082980886,0.10804027,0.30743366,0.5015452,0.4984548
91,12.833,510.47872805913227,-0.08740255774824923,-0.009127332558217264,0.06466758938709488,neutral,Ba,0.08337301,0.108825564,0.3033364,0.50446504,0.49553496
93,12.785,481.67753917198775,-0.07558549745257126,-0.009127332558217264,0.06466758938709488,neutral,Ba,0.08482282,0.10678572,0.29398054,0.5144109,0.4855891
95,12.737,504.57031928547974,-0.0513273961716504,-0.009127332558217264,0.06466758938709488,neutral,Ba,0.085602775,0.1059022,0.29157183,0.5169232,0.4830768
97,12.689,509.4906256709832,-0.0450312491280122,-0.009127332558217264,0.06466758938709488,neutral,Ba,0.086123854,0.106139295,0.28628018,0.5214566,0.4785434
99,12.641,505.16085152535106,-0.04677327280431382,-0.009127332558217264,0.06466758938709488,neutral,Ba,0.087035134,0.10479997,0.2794727,0.5286922,0.4713078
101,12.592,520.9510451224129,-0.05729079279416566,-0.009127332558217264,0.06466758938709488,neutral,Ba,0.08786404,0.102838844,0.2746719,0.5346252,0.46537483
102,12.568,521.822294287375,-0.0593725195619496,-0.009127332558217264,0.06466758938709488,neutral,Ba,0.08824576,0.10248719,0.27172604,0.53754103,0.46245897
104,12.52,512.6055775134918,-0.08454059109118575,-0.009127332558217264,0.06466758938709488,neutral,Ba,0.08855317,0.10097358,0.26914075,0.54133254,0.45866746
106,12.472,506.1595223107772,-0.09167158047998496,-0.009127332558217264,0.06466758938709488,neutral,Ba,0.08872972,0.09797006,0.26752278,0.5457774,0.45422262
108,12.424,508.675859291992,-0.10177732791885859,-0.009127332558217264,0.06466758938709488,neutral,Ba,0.08962277,0.09469804,0.25970915,0.5559701,0.44402993
110,12.376,489.47972556639525,-0.1386627745013714,-0.009127332558217264,0.06466758938709488,neutral,Ba,0.09031274,0.09284093,0.25564575,0.56120056,0.43879944
112,12.328,482.80710826066894,-0.14403798009320593,-0.009127332558217264,0.06466758938709488,neutral,Ba,0.09083595,0.09116347,0.2521248,0.56587577,0.43412423
114,12.28,484.9833125459661,-0.11974456209703224,-0.009127332558217264,0.06466758938709488,neutral,Ba,0.091241576,0.08953969,0.24775499,0.5714637,0.4285363
116,12.232,468.49747149659834,-0.12557694953698595,-0.009127332558217264,0.06466758938709488,neutral,Ba,0.09213545,0.08816257,0.24219884,0.5775032,0.4224968
117,12.208,480.0298230290766,-0.12046117938660572,-0.009127332558217264,0.06466758938709488,neutral,Ba,0.09187958,0.08753349,0.24175426,0.5788327,0.4211673
119,12.159,511.94148967559,-0.09262575148820024,-0.009127332558217264,0.06466758938709488,neutral,Ba,0.09202983,0.0879439,0.24018455,0.5798417,0.42015833
121,12.111,483.8424349822973,-0.07369211512203852,-0.009127332558217264,0.06466758938709488,neutral,Ba,0.09319019,0.085993305,0.23197751,0.588839,0.411161
123,12.063,490.17874925723,-0.07656367416661215,-0.009127332558217264,0.06466758938709488,neutral,Ba,0.09432823,0.084313355,0.22731048,0.59404796,0.40595204
125,12.015,498.6691609108258,-0.028072122003772456,-0.009127332558217264,0.06466758938709488,neutral,Ba,0.09472296,0.08350094,0.22339723,0.59837884,0.40162116
127,11.967,507.651628429862,-0.045826632641428326,-0.009127332558217264,0.06466758938709488,neutral,Ba,0.09540305,0.08338827,0.21873839,0.6024703,0.39752972
129,11.919,521.6816436653461,-0.06272595150247838,-0.009127332558217264,0.06466758938709488,neutral,Ba,0.09587347,0.0820408,0.21479218,0.60729355,0.39270645
131,11.871,521.822294287375,-0.0593725195619496,-0.009127332558217264,0.06466758938709488,neutral,Ba,0.096552365,0.08101467,0.2093529,0.6130801,0.38691992
132,11.847,516.8694290995444,-0.04836003674402106,-0.009127332558217264,0.06466758938709488,neutral,Ba,0.09622978,0.0807391,0.20943914,0.6135919,0.3864081
134,11.799,480.3349971498515,-0.07806796927912345,-0.009127332558217264,0.06466758938709488,neutral,Ba,0.09665622,0.07916223,0.20544611,0.61873543,0.38126457
136,11.751,508.4884291027731,-0.10459914272344417,-0.009127332558217264,0.06466758938709488,neutral,Ba,0.09682846,0.07567741,0.20207672,0.6254175,0.37458253
138,11.703,499.7142454963513,-0.12867849714530025,-0.009127332558217264,0.06466758938709488,neutral,Ba,0.09755249,0.07416042,0.1957439,0.6325432,0.3674568
140,11.654,503.8978784345085,-0.14882067222169817,-0.009127332558217264,0.06466758938709488,neutral,Ba,0.09782236,0.0723683,0.19366811,0.6361412,0.36385882
142,11.606,488.72318045489607,-0.13295367921126253,-0.009127332558217264,0.06466758938709488,neutral,Ba,0.09789595,0.071739934,0.19086708,0.6394971,0.3605029
144,11.558,468.95443402534903,-0.12697728788100535,-0.009127332558217264,0.06466758938709488,neutral,Ba,0.09847308,0.070784174,0.18605304,0.6446897,0.35531032
146,11.51,480.0298230290766,-0.12046117938660572,-0.009127332558217264,0.06466758938709488,neutral,Ba,0.098501556,0.06965813,0.18270539,0.649135,0.350865
73,13.266,467.5202815435853,-0.10402817801831225,-0.009127332558217264,0.06466758938709488,neutral,Ba,0.07559029,0.1414393,0.36246413,0.4205063,0.5794937
74,13.242,464.09829693223946,-0.09936733857997584,-0.009127332558217264,0.06466758938709488,neutral,Ba,0.07586483,0.14115469,0.3604501,0.4225304,0.5774696
76,13.194,487.4863239996891,-0.14646929272360726,-0.009127332558217264,0.06466758938709488,neutral,Ba,0.075731,0.13856547,0.35867193,0.4270316,0.57296836
78,13.146,487.2683685287685,-0.15799738045604036,-0.009127332558217264,0.06466758938709488,neutral,Ba,0.07680315,0.13555793,0.35391688,0.43372202,0.566278
80,13.097,518.6484961746994,-0.1372799323036389,-0.009127332558217264,0.06466758938709488,neutral,Ba,0.07730034,0.13501187,0.34789166,0.4397962,0.5602038
82,13.049,553.5311190385619,-0.08987005280202104,-0.009127332558217264,0.06466758938709488,neutral,Ba,0.078052916,0.13844946,0.34443498,0.43906265,0.56093735
84,13.001,520.8187898841626,-0.06118449257346398,-0.009127332558217264,0.06466758938709488,neutral,Ba,0.080084726,0.13728683,0.3327362,0.44989225,0.5501077
86,12.953,527.4716608688336,-0.05595746229712005,-0.009127332558217264,0.06466758938709488,neutral,Ba,0.08038607,0.13708673,0.3308646,0.45166266,0.54833734
87,12.929,527.758519930509,-0.061938334527204236,-0.009127332558217264,0.06466758938709488,neutral,Ba,0.08120545,0.13622953,0.32688153,0.45568353,0.5443165
89,12.881,523.9734137623708,-0.06274940277894106,-0.009127332558217264,0.06466758938709488,neutral,Ba,0.081850894,0.13499646,0.32300875,0.46014392,0.5398561
91,12.833,504.18763102700905,-0.010690685703278444,-0.009127332558217264,0.06466758938709488,neutral,Ba,0.08251343,0.13390909,0.32129738,0.46228015,0.53771985
93,12.785,503.17640282223533,-0.018723075537708245,-0.009127332558217264,0.06466758938709488,neutral,Ba,0.08383202,0.13326953,0.3154326,0.46746588,0.5325341
95,12.737,469.75057950814283,-0.024693902718717665,-0.009127332558217264,0.06466758938709488,neutral,Ba,0.0846303,0.13253933,0.31146175,0.47136873,0.52863127
97,12.689,445.3515675495131,-0.0761257560276748,-0.009127332558217264,0.06466758938709488,neutral,Ba,0.08478325,0.13201094,0.30858642,0.47461942,0.5253806
99,12.641,469.2430377945168,-0.10506184187661578,-0.009127332558217264,0.06466758938709488,neutral,Ba,0.08528716,0.12718195,0.30499423,0.48253664,0.5174633
101,12.592,462.3806374405446,-0.1082201476503933,-0.009127332558217264,0.06466758938709488,neutral,Ba,0.08624037,0.12630653,0.30048198,0.4869711,0.51302886
102,12.568,467.5202815435853,-0.10402817801831225,-0.009127332558217264,0.06466758938709488,neutral,Ba,0.08629757,0.12615335,0.2988825,0.4886666,0.5113334
104,12.52,479.7494564709162,-0.10611470819053008,-0.009127332558217264,0.06466758938709488,neutral,Ba,0.08644975,0.12556416,0.2960591,0.491927,0.508073
106,12.472,487.77901646192964,-0.15425736358312583,-0.009127332558217264,0.06466758938709488,neutral,Ba,0.08676448,0.121591724,0.29309112,0.4985527,0.5014473
108,12.424,519.949380532656,-0.14895170942708721,-0.009127332558217264,0.06466758938709488,neutral,Ba,0.086824566,0.12056642,0.28862402,0.503985,0.496015
110,12.376,532.1674412253227,-0.14516765601970055,-0.009127332558217264,0.06466758938709488,neutral,Ba,0.08765049,0.12137806,0.28428212,0.50668937,0.49331063
112,12.328,544.5114760247939,-0.06199878580802793,-0.009127332558217264,0.06466758938709488,neutral,Ba,0.089640774,0.12152623,0.27589783,0.51293516,0.48706484
114,12.28,521.281368164221,-0.06318609643233697,-0.009127332558217264,0.06466758938709488,neutral,Ba,0.09088089,0.120836385,0.26942337,0.5188594,0.4811406
116,12.232,527.758519930509,-0.061938334527204236,-0.009127332558217264,0.06466758938709488,neutral,Ba,0.09146565,0.119817846,0.26596904,0.52274746,0.47725254
117,12.208,525.3861299201637,-0.07018557394464014,-0.009127332558217264,0.06466758938709488,neutral,Ba,0.09132543,0.1190845,0.26513898,0.524451,0.47554898
119,12.159,519.0768374429965,-0.03219549347976591,-0.009127332558217264,0.06466758938709488,neutral,Ba,0.092324644,0.11802761,0.26165676,0.52799094,0.47200906
121,12.111,502.7729482990619,-0.011327009119275666,-0.009127332558217264,0.06466758938709488,neutral,Ba,0.093303256,0.117250904,0.2582046,0.53124124,0.46875876
123,12.063,467.4254397821455,-0.02681177389035034,-0.009127332558217264,0.06466758938709488,neutral,Ba,0.09453191,0.11618658,0.25375405,0.53552747,0.46447253
125,12.015,462.9755305392873,-0.058003450648073086,-0.009127332558217264,0.06466758938709488,neutral,Ba,0.09459403,0.116019815,0.25086388,0.5385223,0.4614777
127,11.967,469.2407543554613,-0.10516964217226968,-0.009127332558217264,0.06466758938709488,neutral,Ba,0.09428377,0.1121457,0.24931009,0.54426044,0.45573956
129,11.919,475.19542325445684,-0.11023483803278698,-0.009127332558217264,0.06466758938709488,neutral,Ba,0.095394716,0.11142461,0.24436755,0.5488131,0.4511869
131,11.871,467.5202815435853,-0.10402817801831225,-0.009127332558217264,0.06466758938709488,neutral,Ba,0.09607029,0.109697625,0.24033767,0.5538944,0.4461056
132,11.847,464.09829693223946,-0.09936733857997584,-0.009127332558217264,0.06466758938709488,neutral,Ba,0.09629582,0.10934797,0.23867375,0.5556825,0.44431752
134,11.799,487.4863239996891,-0.14646929272360726,-0.009127332558217264,0.06466758938709488,neutral,Ba,0.095828466,0.10692289,0.23682375,0.5604249,0.43957508
136,11.751,487.2683685287685,-0.15799738045604036,-0.009127332558217264,0.06466758938709488,neutral,Ba,0.09672134,0.10447467,0.23254097,0.5662631,0.43373692
138,11.703,518.6484961746994,-0.1372799323036389,-0.009127332558217264,0.06466758938709488,neutral,Ba,0.09684409,0.103713736,0.22749186,0.5719503,0.42804968
140,11.654,553.5311190385619,-0.08987005280202104,-0.009127332558217264,0.06466758938709488,neutral,Ba,0.097669646,0.10671869,0.22510405,0.5705076,0.4294924
142,11.606,520.8187898841626,-0.06118449257346398,-0.009127332558217264,0.06466758938709488,neutral,Ba,0.09929367,0.10554079,0.21540298,0.5797625,0.42023748
144,11.558,527.4716608688336,-0.05595746229712005,-0.009127332558217264,0.06466758938709488,neutral,Ba,0.09948687,0.10548019,0.21384363,0.58118933,0.41881067
146,11.51,525.3861299201637,-0.07018557394464014,-0.009127332558217264,0.06466758938709488,neutral,Ba,0.09994005,0.10413799,0.20977443,0.58614755,0.41385245
73,13.266,490.0857490532552,-0.06293253465165163,-0.009127332558217264,0.06466758938709488,neutral,Ba,0.07607038,0.13074504,0.3518454,0.44133908,0.5586609
74,13.242,488.54011188634144,-0.0782983334590312,-0.009127332558217264,0.06466758938709488,neutral,Ba,0.07636134,0.13062839,0.34745148,0.44555882,0.5544412
76,13.194,496.0776998483799,-0.07320803313855216,-0.009127332558217264,0.06466758938709488,neutral,Ba,0.07743608,0.12878393,0.34131107,0.4524689,0.5475311
78,13.146,495.75793573032274,-0.07191767477848285,-0.009127332558217264,0.06466758938709488,neutral,Ba,0.07829694,0.12715076,0.33680743,0.4577449,0.5422551
80,13.097,504.6344857170459,-0.09500621931211348,-0.009127332558217264,0.06466758938709488,neutral,Ba,0.07882035,0.12303818,0.3338359,0.46430558,0.5356944
82,13.049,506.2715579247813,-0.10387928446054435,-0.009127332558217264,0.06466758938709488,neutral,Ba,0.079548664,0.11994486,0.32883838,0.471668,0.528332
84,13.001,498.37550651441165,-0.10876810219601964,-0.009127332558217264,0.06466758938709488,neutral,Ba,0.08030011,0.117074534,0.32551217,0.4771132,0.5228868
86,12.953,521.0177489658898,-0.09445024161322071,-0.009127332558217264,0.06466758938709488,neutral,Ba,0.08064913,0.12123433,0.31929806,0.47881857,0.52118146
87,12.929,514.7772275604835,-0.14677010057446457,-0.009127332558217264,0.06466758938709488,neutral,Ba,0.08065056,0.120683454,0.31972536,0.47894064,0.5210594
89,12.881,502.5145980859231,-0.12116139412098376,-0.009127332558217264,0.06466758938709488,neutral,Ba,0.08131113,0.11939584,0.31297985,0.48631313,0.5136869
91,12.833,507.43347324204905,-0.143452585311427,-0.009127332558217264,0.06466758938709488,neutral,Ba,0.081632674,0.11825001,0.30971223,0.49040517,0.5095948
93,12.785,499.7739281392103,-0.10821900811157366,-0.009127332558217264,0.06466758938709488,neutral,Ba,0.082318015,0.11793997,0.30508164,0.49466044,0.50533956
95,12.737,483.4809556526155,-0.10855385853399598,-0.009127332558217264,0.06466758938709488,neutral,Ba,0.0832161,0.116627485,0.29972574,0.5004307,0.4995693
97,12.689,517.8813922718736,-0.09826748068429797,-0.009127332558217264,0.06466758938709488,neutral,Ba,0.083619334,0.11418581,0.29523447,0.5069604,0.4930396
99,12.641,491.4374598812783,-0.10557245459252762,-0.009127332558217264,0.06466758938709488,neutral,Ba,0.084520385,0.11268613,0.28766036,0.51513314,0.48486686
101,12.592,481.71366875124454,-0.08257049187093514,-0.009127332558217264,0.06466758938709488,neutral,Ba,0.08532078,0.11149464,0.28574744,0.51743716,0.48256284
102,12.568,490.0857490532552,-0.06293253465165163,-0.009127332558217264,0.06466758938709488,neutral,Ba,0.086000904,0.111052334,0.28396642,0.5189804,0.48101962
104,12.52,487.5216071553602,-0.07715857960823089,-0.009127332558217264,0.06466758938709488,neutral,Ba,0.0868297,0.10992333,0.27548406,0.52776295,0.47223705
106,12.472,486.35672084006325,-0.05597692304129084,-0.009127332558217264,0.06466758938709488,neutral,Ba,0.08752887,0.108072355,0.27262446,0.5317742,0.46822578
108,12.424,506.2558236794378,-0.0879555648955888,-0.009127332558217264,0.06466758938709488,neutral,Ba,0.087763414,0.10499745,0.2701074,0.53713167,0.46286833
110,12.376,505.5471207123614,-0.09669083521703536,-0.009127332558217264,0.06466758938709488,neutral,Ba,0.08841293,0.10247845,0.2649021,0.5442065,0.4557935
112,12.328,472.10064390168503,-0.11450180866980599,-0.009127332558217264,0.06466758938709488,neutral,Ba,0.0894492,0.099619195,0.25922298,0.55170864,0.44829136
114,12.28,499.1667477909224,-0.09717009078418498,-0.009127332558217264,0.06466758938709488,neutral,Ba,0.08992261,0.09747104,0.2558503,0.5567561,0.44324392
116,12.232,514.7772275604835,-0.14677010057446457,-0.009127332558217264,0.06466758938709488,neutral,Ba,0.089842916,0.10100685,0.25426614,0.5548841,0.44511592
117,12.208,503.8140535149622,-0.12563068746717085,-0.009127332558217264,0.06466758938709488,neutral,Ba,0.08998451,0.100692496,0.25174138,0.5575816,0.4424184
119,12.159,502.91068552723004,-0.12319176738073417,-0.009127332558217264,0.06466758938709488,neutral,Ba,0.09074083,0.098742895,0.2455663,0.5649499,0.43505007
121,12.111,501.552410710932,-0.1339019366218012,-0.009127332558217264,0.06466758938709488,neutral,Ba,0.09099865,0.09749158,0.2419668,0.56954294,0.43045706
123,12.063,484.0314190916819,-0.11006314493779998,-0.009127332558217264,0.06466758938709488,neutral,Ba,0.091457576,0.09742416,0.2394857,0.5716326,0.42836738
125,12.015,482.2140177070768,-0.10705014370177138,-0.009127332558217264,0.06466758938709488,neutral,Ba,0.09231223,0.09615503,0.23366821,0.5778645,0.42213547
127,11.967,518.2631744407906,-0.09183978341050625,-0.009127332558217264,0.06466758938709488,neutral,Ba,0.092445835,0.09397623,0.22922742,0.5843505,0.41564947
129,11.919,492.30097880805505,-0.09614357997476078,-0.009127332558217264,0.06466758938709488,neutral,Ba,0.092857294,0.09266573,0.22472927,0.5897477,0.41025227
131,11.871,490.0857490532552,-0.06293253465165163,-0.009127332558217264,0.06466758938709488,neutral,Ba,0.09430667,0.09147216,0.22228774,0.5919334,0.40806657
132,11.847,488.54011188634144,-0.0782983334590312,-0.009127332558217264,0.06466758938709488,neutral,Ba,0.09437242,0.09110972,0.21884406,0.59567386,0.40432614
134,11.799,496.0776998483799,-0.07320803313855216,-0.009127332558217264,0.06466758938709488,neutral,Ba,0.09517809,0.08934155,0.21384427,0.6016362,0.39836383
136,11.751,495.75793573032274,-0.07191767477848285,-0.009127332558217264,0.06466758938709488,neutral,Ba,0.09583628,0.087878846,0.210123,0.6061619,0.3938381
138,11.703,504.6344857170459,-0.09500621931211348,-0.009127332558217264,0.06466758938709488,neutral,Ba,0.096000165,0.0848559,0.20726575,0.61187816,0.38812184
140,11.654,506.2715579247813,-0.10387928446054435,-0.009127332558217264,0.06466758938709488,neutral,Ba,0.09628945,0.08268431,0.20296593,0.61806023,0.38193977
142,11.606,498.37550651441165,-0.10876810219601964,-0.009127332558217264,0.06466758938709488,neutral,Ba,0.096776955,0.08050953,0.20002733,0.6226862,0.3773138
144,11.558,521.0177489658898,-0.09445024161322071,-0.009127332558217264,0.06466758938709488,neutral,Ba,0.09696878,0.083463795,0.19575757,0.6238098,0.3761902
146,11.51,503.8140535149622,-0.12563068746717085,-0.009127332558217264,0.06466758938709488,neutral,Ba,0.09698198,0.08293654,0.1938118,0.6262697,0.3737303
73,13.266,562.7766940673766,-0.08760448955929677,-0.009127332558217264,0.06466758938709488,neutral,Ba,0.07555241,0.11565745,0.36753622,0.4412539,0.5587461
74,13.242,570.0584463812223,-0.08562887419631532,-0.009127332558217264,0.06466758938709488,neutral,Ba,0.07556394,0.11405231,0.3679079,0.4424759,0.5575241
76,13.194,545.2159454866392,-0.09834403603832179,-0.009127332558217264,0.06466758938709488,neutral,Ba,0.07697201,0.111407325,0.36033607,0.45128456,0.5487155
78,13.146,505.8241528150804,-0.06590457318435192,-0.009127332558217264,0.06466758938709488,neutral,Ba,0.077481635,0.110136345,0.35749632,0.45488575,0.5451143
80,13.097,506.7380970489227,-0.07167292703210379,-0.009127332558217264,0.06466758938709488,neutral,Ba,0.07837779,0.109415025,0.35333622,0.45887092,0.5411291
82,13.049,480.4357182429034,-0.10403426419546556,-0.009127332558217264,0.06466758938709488,neutral,Ba,0.07927688,0.10936092,0.34922555,0.4621367,0.5378633
84,13.001,463.37486590585235,-0.1044767779346337,-0.009127332558217264,0.06466758938709488,neutral,Ba,0.08001993,0.10926508,0.34569362,0.46502137,0.5349786
86,12.953,435.7501529372272,-0.15303679265661327,-0.009127332558217264,0.06466758938709488,neutral,Ba,0.0809584,0.10940156,0.34162506,0.46801493,0.53198504
87,12.929,436.04794024099965,-0.14931432531376518,-0.009127332558217264,0.06466758938709488,neutral,Ba,0.08132848,0.10952576,0.33998975,0.46915606,0.530844
89,12.881,446.55858273162323,-0.1456518816121481,-0.009127332558217264,0.06466758938709488,neutral,Ba,0.08151565,0.10523591,0.33677998,0.47646844,0.52353156
91,12.833,479.6018922718044,-0.13499603028292104,-0.009127332558217264,0.06466758938709488,neutral,Ba,0.08180975,0.10659168,0.33095095,0.4806476,0.51935244
93,12.785,485.4099061820215,-0.16928798502088696,-0.009127332558217264,0.06466758938709488,neutral,Ba,0.08257704,0.105100356,0.3277446,0.48457804,0.515422
95,12.737,506.4829096209175,-0.1655373592286409,-0.009127332558217264,0.06466758938709488,neutral,Ba,0.0830604,0.10157026,0.3217566,0.49361268,0.50638735
97,12.689,522.7535273982835,-0.13597120385111106,-0.009127332558217264,0.06466758938709488,neutral,Ba,0.08270449,0.09877557,0.319041,0.49947894,0.50052106
99,12.641,540.2798755443383,-0.12716133003654861,-0.009127332558217264,0.06466758938709488,neutral,Ba,0.08408583,0.097188614,0.31329262,0.5054329,0.4945671
101,12.592,555.0503107860271,-0.08752198176368856,-0.009127332558217264,0.06466758938709488,neutral,Ba,0.08543486,0.093405366,0.3081396,0.5130202,0.48697978
102,12.568,562.7766940673766,-0.08760448955929677,-0.009127332558217264,0.06466758938709488,neutral,Ba,0.085576825,0.09411536,0.3040893,0.5162185,0.48378152
104,12.52,545.2001361208978,-0.09090006741892402,-0.009127332558217264,0.06466758938709488,neutral,Ba,0.08628272,0.090861134,0.3004582,0.52239794,0.47760206
106,12.472,514.3855198420051,-0.06979854559859693,-0.009127332558217264,0.06466758938709488,neutral,Ba,0.0869046,0.09022893,0.2967227,0.5261438,0.4738562
108,12.424,504.6625965080363,-0.06676659100587852,-0.009127332558217264,0.06466758938709488,neutral,Ba,0.08803827,0.08966398,0.29232913,0.5299686,0.47003138
110,12.376,483.1017979560517,-0.08750559866945916,-0.009127332558217264,0.06466758938709488,neutral,Ba,0.088690706,0.08950797,0.28961727,0.53218406,0.46781594
112,12.328,462.13128488584454,-0.08464946352604494,-0.009127332558217264,0.06466758938709488,neutral,Ba,0.08974272,0.08965891,0.28538084,0.5352175,0.46478248
114,12.28,449.5978681927566,-0.1428278126752228,-0.009127332558217264,0.06466758938709488,neutral,Ba,0.09038217,0.08934783,0.2823779,0.53789204,0.46210796
116,12.232,436.04794024099965,-0.14931432531376518,-0.009127332558217264,0.06466758938709488,neutral,Ba,0.09121509,0.089492604,0.27913782,0.54015446,0.45984554
117,12.208,432.6677412366412,-0.13209640476919216,-0.009127332558217264,0.06466758938709488,neutral,Ba,0.09136552,0.088858664,0.27744865,0.54232717,0.45767283
119,12.159,444.54030437974717,-0.1521501267003051,-0.009127332558217264,0.06466758938709488,neutral,Ba,0.09183078,0.084681585,0.27238774,0.5510999,0.4489001
121,12.111,484.5146620971981,-0.16426978993779923,-0.009127332558217264,0.06466758938709488,neutral,Ba,0.09162892,0.08608121,0.27027228,0.5520176,0.44798237
123,12.063,485.52462248883734,-0.16884180093821294,-0.009127332558217264,0.06466758938709488,neutral,Ba,0.092711866,0.085570335,0.26486275,0.556855,0.44314498
125,12.015,507.2273959703499,-0.1491180021726551,-0.009127332558217264,0.06466758938709488,neutral,Ba,0.09234757,0.081962466,0.26032716,0.56536275,0.43463725
127,11.967,530.1079251597678,-0.15343153372801596,-0.009127332558217264,0.06466758938709488,neutral,Ba,0.092331015,0.078354076,0.25640732,0.5729075,0.4270925
129,11.919,554.3416303543931,-0.09548090367709998,-0.009127332558217264,0.06466758938709488,neutral,Ba,0.09384866,0.076093316,0.25135723,0.57870084,0.42129916
131,11.871,562.7766940673766,-0.08760448955929677,-0.009127332558217264,0.06466758938709488,neutral,Ba,0.09436846,0.07518971,0.2451563,0.5852855,0.41471452
132,11.847,570.0584463812223,-0.08562887419631532,-0.009127332558217264,0.06466758938709488,neutral,Ba,0.09422137,0.073546566,0.24504437,0.5871877,0.4128123
134,11.799,545.2159454866392,-0.09834403603832179,-0.009127332558217264,0.06466758938709488,neutral,Ba,0.09552763,0.07203327,0.23882084,0.5936183,0.40638173
136,11.751,505.8241528150804,-0.06590457318435192,-0.009127332558217264,0.06466758938709488,neutral,Ba,0.09599475,0.07158161,0.2368105,0.5956132,0.40438682
138,11.703,506.7380970489227,-0.07167292703210379,-0.009127332558217264,0.06466758938709488,neutral,Ba,0.096892975,0.07143584,0.23370467,0.5979665,0.4020335
140,11.654,480.4357182429034,-0.10403426419546556,-0.009127332558217264,0.06466758938709488,neutral,Ba,0.09767013,0.07156517,0.23047888,0.6002858,0.39971417
142,11.606,463.37486590585235,-0.1044767779346337,-0.009127332558217264,0.06466758938709488,neutral,Ba,0.09830994,0.07155824,0.22755362,0.6025782,0.39742178
144,11.558,435.7501529372272,-0.15303679265661327,-0.009127332558217264,0.06466758938709488,neutral,Ba,0.09915068,0.07180984,0.22426021,0.6047793,0.3952207
146,11.51,432.6677412366412,-0.13209640476919216,-0.009127332558217264,0.06466758938709488,neutral,Ba,0.099556185,0.07145806,0.22141127,0.60757446,0.39242554
73,13.266,444.7803983710963,0.06604690424095291,-0.009127332558217264,0.06466758938709488,neutral,Ba,0.07241405,0.1446897,0.37670803,0.40618825,0.59381175
74,13.242,443.4519234480285,0.07161601164750854,-0.009127332558217264,0.06466758938709488,neutral,Ba,0.072789825,0.1458543,0.3749903,0.40636557,0.5936344
76,13.194,457.1998042696908,0.08704843843580937,-0.009127332558217264,0.06466758938709488,neutral,Ba,0.07305659,0.14043877,0.3750456,0.41145903,0.588541
78,13.146,460.6596196660769,0.10127358675719521,-0.009127332558217264,0.06466758938709488,neutral,Ba,0.07316963,0.13507217,0.3759251,0.41583306,0.58416694
80,13.097,493.74488740168243,0.06476563185356875,-0.009127332558217264,0.06466758938709488,neutral,Ba,0.07446413,0.13851489,0.36294705,0.42407402,0.57592595
82,13.049,497.00994547495964,0.058695627051166294,-0.009127332558217264,0.06466758938709488,neutral,Ba,0.075616404,0.13816822,0.35808757,0.42812774,0.57187223
84,13.001,485.1804887806333,0.03605969454880628,-0.009127332558217264,0.06466758938709488,neutral,Ba,0.076408125,0.13596119,0.35270092,0.43492973,0.5650703
86,12.953,527.8572420966389,0.01524209933260449,-0.009127332558217264,0.06466758938709488,neutral,Ba,0.07637809,0.13327047,0.34761864,0.44273275,0.55726725
87,12.929,540.5517225967726,-0.015120682370753735,-0.009127332558217264,0.06466758938709488,neutral,Ba,0.07612075,0.12960106,0.34827986,0.4459984,0.55400157
89,12.881,546.9026812429415,-0.010609854900890487,-0.009127332558217264,0.06466758938709488,neutral,Ba,0.07703344,0.12882201,0.3434021,0.45074248,0.5492575
91,12.833,532.6095521786061,-0.03454939472375007,-0.009127332558217264,0.06466758938709488,neutral,Ba,0.078044854,0.12776652,0.34003326,0.4541553,0.5458447
93,12.785,531.5717486942201,0.0035442269072012943,-0.009127332558217264,0.06466758938709488,neutral,Ba,0.07830107,0.12619755,0.3392199,0.45628148,0.5437185
95,12.737,495.9367424403776,-0.0031336805912950826,-0.009127332558217264,0.06466758938709488,neutral,Ba,0.079455264,0.1274455,0.33531645,0.4577828,0.5422172
97,12.689,516.6836327214976,0.014781131211485362,-0.009127332558217264,0.06466758938709488,neutral,Ba,0.079734705,0.125569,0.32866716,0.4660291,0.5339709
99,12.641,502.6077179503061,-0.0071898732618851475,-0.009127332558217264,0.06466758938709488,neutral,Ba,0.08005891,0.12560433,0.32457167,0.46976507,0.53023493
101,12.592,459.33773237180077,0.07332771205983526,-0.009127332558217264,0.06466758938709488,neutral,Ba,0.08117927,0.12667896,0.3208451,0.4712967,0.52870333
102,12.568,444.7803983710963,0.06604690424095291,-0.009127332558217264,0.06466758938709488,neutral,Ba,0.081746034,0.12677976,0.31903622,0.47243795,0.527562
104,12.52,441.3768496365367,0.07267432308303229,-0.009127332558217264,0.06466758938709488,neutral,Ba,0.08242677,0.12706825,0.31728268,0.4732223,0.52677774
106,12.472,460.55593538318794,0.09790807830079722,-0.009127332558217264,0.06466758938709488,neutral,Ba,0.08250176,0.1215229,0.31649038,0.47948492,0.5205151
108,12.424,493.4102601476826,0.05993585179695406,-0.009127332558217264,0.06466758938709488,neutral,Ba,0.08249501,0.12060009,0.30928242,0.4876225,0.5123775
110,12.376,494.9089166887822,0.06341635772212734,-0.009127332558217264,0.06466758938709488,neutral,Ba,0.084102504,0.120663494,0.30193388,0.49330005,0.5066999
112,12.328,485.84468596221114,0.022513208546702117,-0.009127332558217264,0.06466758938709488,neutral,Ba,0.08510354,0.11769575,0.2986755,0.4985252,0.5014748
114,12.28,509.59833589332123,0.058595587507632205,-0.009127332558217264,0.06466758938709488,neutral,Ba,0.0852939,0.113545224,0.29233018,0.50883067,0.49116933
116,12.232,540.5517225967726,-0.015120682370753735,-0.009127332558217264,0.06466758938709488,neutral,Ba,0.08484211,0.112209246,0.2909456,0.51200306,0.48799694
117,12.208,540.7381920665123,-0.008622683920915846,-0.009127332558217264,0.06466758938709488,neutral,Ba,0.08513106,0.11174961,0.28865698,0.51446235,0.48553765
119,12.159,545.1389253104687,-0.020454783734949567,-0.009127332558217264,0.06466758938709488,neutral,Ba,0.08638249,0.11077127,0.28434294,0.5185033,0.4814967
121,12.111,538.268336535845,-0.03860749674249747,-0.009127332558217264,0.06466758938709488,neutral,Ba,0.08688289,0.10906406,0.2823341,0.521719,0.47828102
123,12.063,496.39626437365143,-0.004487213926822127,-0.009127332558217264,0.06466758938709488,neutral,Ba,0.087515295,0.109222345,0.28040817,0.5228542,0.4771458
125,12.015,495.07717089801747,3.463582214722001e-05,-0.009127332558217264,0.06466758938709488,neutral,Ba,0.08858548,0.11016327,0.27745894,0.5237924,0.4762076
127,11.967,509.44927323389584,0.0190090185273823,-0.009127332558217264,0.06466758938709488,neutral,Ba,0.08799184,0.10766581,0.27112085,0.5332215,0.46677852
129,11.919,473.99609941500665,0.03775948111036676,-0.009127332558217264,0.06466758938709488,neutral,Ba,0.08912044,0.108237796,0.26709962,0.53554213,0.46445787
131,11.871,444.7803983710963,0.06604690424095291,-0.009127332558217264,0.06466758938709488,neutral,Ba,0.0902169,0.10844966,0.2638899,0.5374435,0.46255648
132,11.847,443.4519234480285,0.07161601164750854,-0.009127332558217264,0.06466758938709488,neutral,Ba,0.090660006,0.10924087,0.2626643,0.5374348,0.46256518
134,11.799,457.1998042696908,0.08704843843580937,-0.009127332558217264,0.06466758938709488,neutral,Ba,0.090711854,0.105366185,0.26172385,0.54219806,0.45780194
136,11.751,460.6596196660769,0.10127358675719521,-0.009127332558217264,0.06466758938709488,neutral,Ba,0.09064659,0.1014573,0.26142535,0.54647076,0.45352924
138,11.703,493.74488740168243,0.06476563185356875,-0.009127332558217264,0.06466758938709488,neutral,Ba,0.09170889,0.10271735,0.25115374,0.55442,0.44558
140,11.654,497.00994547495964,0.058695627051166294,-0.009127332558217264,0.06466758938709488,neutral,Ba,0.09281893,0.10203773,0.24705644,0.5580869,0.44191313
142,11.606,485.1804887806333,0.03605969454880628,-0.009127332558217264,0.06466758938709488,neutral,Ba,0.09336106,0.10010804,0.24232478,0.5642061,0.43579388
144,11.558,527.8572420966389,0.01524209933260449,-0.009127332558217264,0.06466758938709488,neutral,Ba,0.09294463,0.097833626,0.23760487,0.5716169,0.4283831
146,11.51,540.7381920665123,-0.008622683920915846,-0.009127332558217264,0.06466758938709488,neutral,Ba,0.092721544,0.09453416,0.23564067,0.5771037,0.42289633
73,13.266,488.4138813265688,-0.01241986847517364,-0.009127332558217264,0.06466758938709488,neutral,Ba,0.075317524,0.15394397,0.3472273,0.42351118,0.57648885
74,13.242,477.34340541780574,-0.037315141930905744,-0.009127332558217264,0.06466758938709488,neutral,Ba,0.075794876,0.15376526,0.34495464,0.42548522,0.57451475
76,13.194,515.3896947765811,0.02229183388366157,-0.009127332558217264,0.06466758938709488,neutral,Ba,0.07576977,0.1487893,0.34644145,0.42899945,0.5710006
78,13.146,529.7349292392611,0.013116450952142304,-0.009127332558217264,0.06466758938709488,neutral,Ba,0.07728086,0.1536119,0.33979875,0.42930844,0.5706916
80,13.097,522.8720267901962,0.03406771419672685,-0.009127332558217264,0.06466758938709488,neutral,Ba,0.07831418,0.15419099,0.3313287,0.4361661,0.5638339
82,13.049,494.7427476887225,0.038785140375131026,-0.009127332558217264,0.06466758938709488,neutral,Ba,0.07936762,0.15418346,0.3260052,0.4404437,0.5595563
84,13.001,490.59598804179444,0.03748249531342386,-0.009127332558217264,0.06466758938709488,neutral,Ba,0.08046076,0.15434949,0.3202058,0.44498387,0.55501616
86,12.953,477.2816977444737,0.0434419462515916,-0.009127332558217264,0.06466758938709488,neutral,Ba,0.081473194,0.15442769,0.31400782,0.45009124,0.54990876
87,12.929,498.4649572781488,0.04364724626401312,-0.009127332558217264,0.06466758938709488,neutral,Ba,0.08121123,0.15131894,0.31439143,0.4530784,0.5469216
89,12.881,526.1274804047983,0.029812614807120757,-0.009127332558217264,0.06466758938709488,neutral,Ba,0.08176587,0.14911431,0.31195983,0.45716,0.54284
91,12.833,474.4240733045833,0.0016277371321835664,-0.009127332558217264,0.06466758938709488,neutral,Ba,0.083405375,0.14818665,0.3023949,0.46601307,0.5339869
93,12.785,464.30275565496424,-0.012971144847919513,-0.009127332558217264,0.06466758938709488,neutral,Ba,0.0836875,0.14796785,0.29937667,0.46896794,0.5310321
95,12.737,469.3587268303461,-0.030043045843713773,-0.009127332558217264,0.06466758938709488,neutral,Ba,0.0844243,0.14577572,0.29608414,0.47371575,0.5262842
97,12.689,499.8062401866475,-0.034814935969911844,-0.009127332558217264,0.06466758938709488,neutral,Ba,0.08431478,0.14369455,0.2938221,0.47816852,0.5218315
99,12.641,512.5911566126376,-0.035716756222037946,-0.009127332558217264,0.06466758938709488,neutral,Ba,0.08463911,0.14390324,0.28967667,0.48178107,0.51821893
101,12.592,511.03163849445536,-0.04407963033769039,-0.009127332558217264,0.06466758938709488,neutral,Ba,0.085849956,0.14225683,0.2827003,0.48919293,0.51080704
102,12.568,488.4138813265688,-0.01241986847517364,-0.009127332558217264,0.06466758938709488,neutral,Ba,0.08621711,0.14147015,0.28125483,0.49105793,0.50894207
104,12.52,498.70126105219725,-0.027162925469353862,-0.009127332558217264,0.06466758938709488,neutral,Ba,0.08677377,0.13623586,0.2789755,0.49801487,0.50198513
106,12.472,521.8518699519684,0.0023929535086723583,-0.009127332558217264,0.06466758938709488,neutral,Ba,0.08723534,0.14131618,0.27751154,0.493937,0.506063
108,12.424,525.7724393625267,0.026460520561581595,-0.009127332558217264,0.06466758938709488,neutral,Ba,0.08921303,0.14104101,0.26948208,0.50026387,0.49973613
110,12.376,521.1581251606951,0.015326629119292176,-0.009127332558217264,0.06466758938709488,neutral,Ba,0.089717016,0.14105096,0.26418132,0.5050507,0.49494928
112,12.328,490.57774044259725,0.03557752749234893,-0.009127332558217264,0.06466758938709488,neutral,Ba,0.09062347,0.14068732,0.25973207,0.50895715,0.49104285
114,12.28,477.5035326968866,0.042917704050964005,-0.009127332558217264,0.06466758938709488,neutral,Ba,0.09147316,0.14026165,0.254514,0.51375115,0.48624885
116,12.232,498.4649572781488,0.04364724626401312,-0.009127332558217264,0.06466758938709488,neutral,Ba,0.091833055,0.13749032,0.2515069,0.51916975,0.48083025
117,12.208,510.63012047854056,0.005969396112014049,-0.009127332558217264,0.06466758938709488,neutral,Ba,0.09215201,0.13383822,0.2514392,0.52257055,0.47742945
119,12.159,491.35992453805335,-0.020021867702383834,-0.009127332558217264,0.06466758938709488,neutral,Ba,0.093246244,0.13429546,0.2442384,0.5282199,0.47178012
121,12.111,469.15643282724653,-0.0156703320861281,-0.009127332558217264,0.06466758938709488,neutral,Ba,0.09417066,0.13405651,0.2390569,0.532716,0.46728402
123,12.063,473.32761058459164,-0.02447136124924464,-0.009127332558217264,0.06466758938709488,neutral,Ba,0.094441645,0.13228716,0.23629324,0.53697795,0.46302205
125,12.015,495.0173535792805,-0.011740410210243444,-0.009127332558217264,0.06466758938709488,neutral,Ba,0.094042234,0.13128313,0.23492517,0.53974944,0.46025056
127,11.967,499.0742468153698,-0.03201406273571457,-0.009127332558217264,0.06466758938709488,neutral,Ba,0.09524167,0.12924479,0.22900891,0.5465046,0.45349538
129,11.919,510.485711369667,-0.04110727648061909,-0.009127332558217264,0.06466758938709488,neutral,Ba,0.095377065,0.1283674,0.22626093,0.5499946,0.4500054
131,11.871,488.4138813265688,-0.01241986847517364,-0.009127332558217264,0.06466758938709488,neutral,Ba,0.09619255,0.12675068,0.2220268,0.55503,0.44497
132,11.847,477.34340541780574,-0.037315141930905744,-0.009127332558217264,0.06466758938709488,neutral,Ba,0.09666337,0.12647684,0.22022846,0.5566313,0.44336867
134,11.799,515.3896947765811,0.02229183388366157,-0.009127332558217264,0.06466758938709488,neutral,Ba,0.09643981,0.12192817,0.2207297,0.56090236,0.43909764
136,11.751,529.7349292392611,0.013116450952142304,-0.009127332558217264,0.06466758938709488,neutral,Ba,0.0981629,0.1261646,0.21607485,0.5595976,0.4404024
138,11.703,522.8720267901962,0.03406771419672685,-0.009127332558217264,0.06466758938709488,neutral,Ba,0.098944046,0.12590656,0.20948711,0.5656623,0.43433768
140,11.654,494.7427476887225,0.038785140375131026,-0.009127332558217264,0.06466758938709488,neutral,Ba,0.09987619,0.12560602,0.20531593,0.5692019,0.4307981
142,11.606,490.59598804179444,0.03748249531342386,-0.009127332558217264,0.06466758938709488,neutral,Ba,0.100767404,0.12571155,0.20076282,0.57275814,0.42724186
144,11.558,477.2816977444737,0.0434419462515916,-0.009127332558217264,0.06466758938709488,neutral,Ba,0.101518184,0.1256433,0.19595146,0.57688713,0.42311287
146,11.51,510.63012047854056,0.005969396112014049,-0.009127332558217264,0.06466758938709488,neutral,Ba,0.10133529,0.119766206,0.19569717,0.58320135,0.41679865
73,13.266,471.79314510420477,0.025831813906169475,-0.009127332558217264,0.06466758938709488,neutral,Ba,0.08017764,0.13343664,0.35152423,0.4348615,0.56513846
74,13.242,472.1728189540089,0.019900619265963596,-0.009127332558217264,0.06466758938709488,neutral,Ba,0.08111942,0.13362202,0.34853944,0.43671906,0.56328094
76,13.194,522.5993504190933,0.08556808530032083,-0.009127332558217264,0.06466758938709488,neutral,Ba,0.08004399,0.13237791,0.343486,0.44409207,0.55590796
78,13.146,501.58089030481017,0.09932562440383993,-0.009127332558217264,0.06466758938709488,neutral,Ba,0.081568845,0.12995535,0.33593228,0.4525435,0.5474565
80,13.097,512.5206946889258,0.1002319456053976,-0.009127332558217264,0.06466758938709488,neutral,Ba,0.08339337,0.12689188,0.33120435,0.4585104,0.5414896
82,13.049,510.2259981645315,0.11089251530689909,-0.009127332558217264,0.06466758938709488,neutral,Ba,0.08462427,0.12790236,0.3259442,0.4615292,0.5384708
84,13.001,500.1423488517411,0.12226871935323094,-0.009127332558217264,0.06466758938709488,neutral,Ba,0.08640024,0.1295874,0.3206259,0.4633865,0.53661346
86,12.953,526.89269650267,0.09330767407414381,-0.009127332558217264,0.06466758938709488,neutral,Ba,0.086142555,0.12153486,0.31689462,0.47542793,0.5245721
87,12.929,532.4572574321758,0.06393370680916245,-0.009127332558217264,0.06466758938709488,neutral,Ba,0.08610161,0.11890784,0.3166428,0.47834784,0.52165216
89,12.881,525.238278509883,0.06443064292355581,-0.009127332558217264,0.06466758938709488,neutral,Ba,0.08713946,0.11796998,0.31233335,0.48255718,0.5174428
91,12.833,493.60638637890355,-0.01672955663826761,-0.009127332558217264,0.06466758938709488,neutral,Ba,0.08749746,0.11598481,0.30824104,0.4882767,0.5117233
93,12.785,489.21063082860513,-0.009541030879858563,-0.009127332558217264,0.06466758938709488,neutral,Ba,0.08912049,0.117040865,0.3006949,0.4931437,0.5068563
95,12.737,483.3688691447304,-0.024433738843971046,-0.009127332558217264,0.06466758938709488,neutral,Ba,0.09012678,0.11671426,0.2975924,0.49556658,0.5044334
97,12.689,488.434945639028,-0.021331162921751405,-0.009127332558217264,0.06466758938709488,neutral,Ba,0.09081538,0.11619296,0.2934143,0.4995774,0.5004226
99,12.641,491.4919186415765,-0.029198459947193518,-0.009127332558217264,0.06466758938709488,neutral,Ba,0.09195003,0.11544644,0.28982568,0.5027778,0.4972222
101,12.592,463.54857868392236,0.017542639034419716,-0.009127332558217264,0.06466758938709488,neutral,Ba,0.09318272,0.114859074,0.28678894,0.5051692,0.4948308
102,12.568,471.79314510420477,0.025831813906169475,-0.009127332558217264,0.06466758938709488,neutral,Ba,0.092640616,0.11311825,0.2841166,0.51012456,0.48987544
104,12.52,498.6236493985059,0.027190134423261805,-0.009127332558217264,0.06466758938709488,neutral,Ba,0.092372395,0.11188341,0.27860856,0.5171356,0.48286438
106,12.472,500.47215205461714,0.10381086903614115,-0.009127332558217264,0.06466758938709488,neutral,Ba,0.09256553,0.10954038,0.2744151,0.523479,0.47652102
108,12.424,499.86464193526797,0.1006674369635894,-0.009127332558217264,0.06466758938709488,neutral,Ba,0.09450582,0.10910817,0.2667388,0.5296472,0.47035283
110,12.376,510.64573023810226,0.11793572888900113,-0.009127332558217264,0.06466758938709488,neutral,Ba,0.095870316,0.10750483,0.26219818,0.5344267,0.4655733
112,12.328,501.12532987986884,0.11850701374085552,-0.009127332558217264,0.06466758938709488,neutral,Ba,0.09731954,0.10861067,0.25730628,0.53676355,0.46323645
114,12.28,512.4294201745485,0.12376130780929778,-0.009127332558217264,0.06466758938709488,neutral,Ba,0.09769268,0.10642076,0.2537459,0.54214066,0.45785934
116,12.232,532.4572574321758,0.06393370680916245,-0.009127332558217264,0.06466758938709488,neutral,Ba,0.09775721,0.09929529,0.25133696,0.5516105,0.44838947
117,12.208,516.9833691959643,0.06827503427558852,-0.009127332558217264,0.06466758938709488,neutral,Ba,0.09887833,0.09928542,0.24855009,0.5532862,0.4467138
119,12.159,491.1310472017008,0.007803693054169652,-0.009127332558217264,0.06466758938709488,neutral,Ba,0.100110725,0.097984076,0.24510737,0.5567978,0.4432022
121,12.111,487.34772613412485,-0.010414389418698025,-0.009127332558217264,0.06466758938709488,neutral,Ba,0.10021767,0.09604692,0.23973449,0.5640009,0.4359991
123,12.063,489.0861164029979,-0.006515885433365858,-0.009127332558217264,0.06466758938709488,neutral,Ba,0.10134663,0.097376876,0.2362183,0.5650582,0.43494183
125,12.015,480.17681633802255,-0.0263030435521676,-0.009127332558217264,0.06466758938709488,neutral,Ba,0.102469556,0.09631474,0.23241967,0.5687961,0.4312039
127,11.967,489.5784850176241,-0.028330487815610917,-0.009127332558217264,0.06466758938709488,neutral,Ba,0.1029136,0.095602915,0.22907756,0.57240593,0.42759407
129,11.919,479.88409091535897,-0.001672526999522411,-0.009127332558217264,0.06466758938709488,neutral,Ba,0.10378049,0.09454653,0.2265723,0.57510066,0.42489934
131,11.871,471.79314510420477,0.025831813906169475,-0.009127332558217264,0.06466758938709488,neutral,Ba,0.10386367,0.09305635,0.22280912,0.5802708,0.41972917
132,11.847,472.1728189540089,0.019900619265963596,-0.009127332558217264,0.06466758938709488,neutral,Ba,0.1048197,0.09294254,0.22041647,0.58182126,0.41817874
134,11.799,522.5993504190933,0.08556808530032083,-0.009127332558217264,0.06466758938709488,neutral,Ba,0.10299467,0.09186064,0.21611719,0.5890275,0.41097248
136,11.751,501.58089030481017,0.09932562440383993,-0.009127332558217264,0.06466758938709488,neutral,Ba,0.10401864,0.09025739,0.2092342,0.5964898,0.4035102
138,11.703,512.5206946889258,0.1002319456053976,-0.009127332558217264,0.06466758938709488,neutral,Ba,0.10555914,0.08832278,0.20453387,0.6015842,0.3984158
140,11.654,510.2259981645315,0.11089251530689909,-0.009127332558217264,0.06466758938709488,neutral,Ba,0.10666779,0.0890617,0.2004207,0.6038498,0.39615017
142,11.606,500.1423488517411,0.12226871935323094,-0.009127332558217264,0.06466758938709488,neutral,Ba,0.10841383,0.090125196,0.19641793,0.605043,0.394957
144,11.558,526.89269650267,0.09330767407414381,-0.009127332558217264,0.06466758938709488,neutral,Ba,0.10747667,0.08412921,0.1930065,0.6153876,0.38461238
146,11.51,516.9833691959643,0.06827503427558852,-0.009127332558217264,0.06466758938709488,neutral,Ba,0.108419724,0.082074456,0.19046375,0.61904204,0.38095796
73,13.266,493.2401477106063,-0.209277415177404,-0.009127332558217264,0.06466758938709488,neutral,Ba,0.074631214,0.114942595,0.36372095,0.44670525,0.5532948
74,13.242,489.1327940829335,-0.21633820495042058,-0.009127332558217264,0.06466758938709488,neutral,Ba,0.0746016,0.112292305,0.3636244,0.44948173,0.5505183
76,13.194,496.36963166352587,-0.21631286767954086,-0.009127332558217264,0.06466758938709488,neutral,Ba,0.07550646,0.11134912,0.3591686,0.4539759,0.5460241
78,13.146,509.9664453069368,-0.21529792121708283,-0.009127332558217264,0.06466758938709488,neutral,Ba,0.07606055,0.10949032,0.3539265,0.4605226,0.5394774
80,13.097,523.854112480875,-0.22010391780538488,-0.009127332558217264,0.06466758938709488,neutral,Ba,0.076761514,0.10855426,0.34878218,0.4659021,0.5340979
82,13.049,495.45441135118733,-0.1849756668112978,-0.009127332558217264,0.06466758938709488,neutral,Ba,0.07718287,0.10843728,0.34379184,0.47058803,0.529412
84,13.001,479.3071228405267,-0.19663091382724918,-0.009127332558217264,0.06466758938709488,neutral,Ba,0.07798516,0.10816964,0.3401438,0.47370133,0.52629864
86,12.953,514.7750292894657,-0.15027560740504173,-0.009127332558217264,0.06466758938709488,neutral,Ba,0.07792308,0.10650528,0.33701316,0.47855845,0.5214416
87,12.929,496.81276948365917,-0.17436654868379214,-0.009127332558217264,0.06466758938709488,neutral,Ba,0.07864422,0.107126005,0.33311957,0.48111016,0.51888984
89,12.881,500.4550386642938,-0.1788376936727114,-0.009127332558217264,0.06466758938709488,neutral,Ba,0.078794025,0.10433154,0.330434,0.48644045,0.5135596
91,12.833,497.19286113051265,-0.16607380247406422,-0.009127332558217264,0.06466758938709488,neutral,Ba,0.07925065,0.102235235,0.3262892,0.4922249,0.50777507
93,12.785,477.947188830842,-0.17801369911271636,-0.009127332558217264,0.06466758938709488,neutral,Ba,0.080033004,0.10139867,0.32167962,0.4968887,0.5031113
95,12.737,464.7674410579834,-0.18175363420570087,-0.009127332558217264,0.06466758938709488,neutral,Ba,0.08115673,0.10093347,0.31733173,0.50057805,0.49942195
97,12.689,508.44272137704894,-0.21577893675356422,-0.009127332558217264,0.06466758938709488,neutral,Ba,0.08108514,0.097591475,0.3147042,0.50661916,0.49338084
99,12.641,508.5410709021293,-0.20542956166460352,-0.009127332558217264,0.06466758938709488,neutral,Ba,0.082117446,0.09689381,0.30750558,0.51348317,0.48651683
101,12.592,498.9595958911884,-0.2283944722324824,-0.009127332558217264,0.06466758938709488,neutral,Ba,0.082607284,0.09389334,0.3034497,0.52004963,0.47995037
102,12.568,493.2401477106063,-0.209277415177404,-0.009127332558217264,0.06466758938709488,neutral,Ba,0.08342861,0.09307407,0.29938677,0.5241106,0.47588938
104,12.52,489.6876708510506,-0.22164413044209363,-0.009127332558217264,0.06466758938709488,neutral,Ba,0.08373362,0.09041027,0.29635936,0.5294968,0.4705032
106,12.472,508.29618073820006,-0.2312203086853236,-0.009127332558217264,0.06466758938709488,neutral,Ba,0.08417563,0.08881704,0.29240853,0.5345988,0.46540117
108,12.424,523.9815375068678,-0.22160400036818945,-0.009127332558217264,0.06466758938709488,neutral,Ba,0.08441775,0.08884178,0.28945878,0.53728163,0.46271837
110,12.376,529.4358066619106,-0.2234852186854674,-0.009127332558217264,0.06466758938709488,neutral,Ba,0.08505564,0.08834018,0.2836055,0.54299873,0.45700127
112,12.328,481.7884367780024,-0.20087504994968108,-0.009127332558217264,0.06466758938709488,neutral,Ba,0.08568654,0.08747431,0.27943507,0.5474041,0.4525959
114,12.28,488.1235826549816,-0.196073383228142,-0.009127332558217264,0.06466758938709488,neutral,Ba,0.086110465,0.086664654,0.2768068,0.55041814,0.44958186
116,12.232,496.81276948365917,-0.17436654868379214,-0.009127332558217264,0.06466758938709488,neutral,Ba,0.08670871,0.08603961,0.27077624,0.55647546,0.44352454
117,12.208,509.46627660494596,-0.18993781893528575,-0.009127332558217264,0.06466758938709488,neutral,Ba,0.08635045,0.08427377,0.27078894,0.55858684,0.44141316
119,12.159,499.5840765837546,-0.18454108798888058,-0.009127332558217264,0.06466758938709488,neutral,Ba,0.08707771,0.0829759,0.2650595,0.56488687,0.43511313
121,12.111,479.94089273152025,-0.18651287816638265,-0.009127332558217264,0.06466758938709488,neutral,Ba,0.08740763,0.08222385,0.2619416,0.5684269,0.4315731
123,12.063,464.96163136942516,-0.17805054337633228,-0.009127332558217264,0.06466758938709488,neutral,Ba,0.08802093,0.081914276,0.25806338,0.5720014,0.4279986
125,12.015,494.2716388343927,-0.17760089223848324,-0.009127332558217264,0.06466758938709488,neutral,Ba,0.08869089,0.079073384,0.25438076,0.577855,0.422145
127,11.967,507.60833999759984,-0.20538899773169658,-0.009127332558217264,0.06466758938709488,neutral,Ba,0.08898839,0.07911997,0.24911304,0.5827786,0.41722143
129,11.919,500.9392300682374,-0.24407515372526603,-0.009127332558217264,0.06466758938709488,neutral,Ba,0.089808695,0.07800453,0.24401325,0.5881735,0.4118265
131,11.871,493.2401477106063,-0.209277415177404,-0.009127332558217264,0.06466758938709488,neutral,Ba,0.09030484,0.07571071,0.23840247,0.595582,0.404418
132,11.847,489.1327940829335,-0.21633820495042058,-0.009127332558217264,0.06466758938709488,neutral,Ba,0.09008986,0.074212976,0.2378015,0.5978957,0.40210432
134,11.799,496.36963166352587,-0.21631286767954086,-0.009127332558217264,0.06466758938709488,neutral,Ba,0.09079638,0.07360158,0.2339666,0.6016354,0.3983646
136,11.751,509.9664453069368,-0.21529792121708283,-0.009127332558217264,0.06466758938709488,neutral,Ba,0.090952925,0.07271185,0.2294081,0.6069271,0.3930729
138,11.703,523.854112480875,-0.22010391780538488,-0.009127332558217264,0.06466758938709488,neutral,Ba,0.09137394,0.07201844,0.22517146,0.6114361,0.38856387
140,11.654,495.45441135118733,-0.1849756668112978,-0.009127332558217264,0.06466758938709488,neutral,Ba,0.09152308,0.07176525,0.22123751,0.61547416,0.38452584
142,11.606,479.3071228405267,-0.19663091382724918,-0.009127332558217264,0.06466758938709488,neutral,Ba,0.092159614,0.071598105,0.21821465,0.6180276,0.38197237
144,11.558,514.7750292894657,-0.15027560740504173,-0.009127332558217264,0.06466758938709488,neutral,Ba,0.09190581,0.06940063,0.21618144,0.62251216,0.37748784
146,11.51,509.46627660494596,-0.18993781893528575,-0.009127332558217264,0.06466758938709488,neutral,Ba,0.09206254,0.06883624,0.2125986,0.6265026,0.37349743
